0 0.840104 0.808333 0.046875 0.112963
0 0.548958 0.549074 0.052083 0.038889
0 0.525000 0.588889 0.052083 0.044444
0 0.647396 0.547222 0.048958 0.038889
0 0.203125 0.500926 0.050000 0.046296
0 0.253125 0.513889 0.056250 0.053704
0 0.289583 0.478704 0.050000 0.035185
0 0.738021 0.512963 0.044792 0.037037
0 0.786458 0.531481 0.050000 0.040741
0 0.876563 0.400926 0.036458 0.031481
0 0.939063 0.383333 0.034375 0.033333
0 0.950000 0.400000 0.037500 0.029630
0 0.984375 0.370370 0.031250 0.033333
0 0.603646 0.396296 0.026042 0.037037
0 0.580208 0.419444 0.035417 0.031481
0 0.144271 0.781481 0.082292 0.066667
0 0.384896 0.679630 0.061458 0.055556
