0 0.425735 0.644444 0.030882 0.081046
0 0.370956 0.546405 0.063971 0.041830
0 0.622059 0.559477 0.057353 0.041830
0 0.549265 0.469281 0.023529 0.039216
0 0.569118 0.525490 0.030882 0.044444
0 0.535294 0.432026 0.023529 0.037908
0 0.421691 0.420261 0.016912 0.050980
0 0.408088 0.384967 0.016176 0.045752
0 0.452206 0.356863 0.017647 0.033987
0 0.413235 0.324183 0.025000 0.028758
0 0.406985 0.307843 0.021324 0.030065
0 0.347059 0.311111 0.036765 0.026144
0 0.521691 0.359477 0.015441 0.044444
0 0.492279 0.287582 0.015441 0.023529
0 0.511397 0.301307 0.030147 0.024837
0 0.481618 0.247712 0.013235 0.022222
0 0.477206 0.216340 0.019118 0.024837
0 0.471324 0.213725 0.014706 0.019608
0 0.467279 0.204575 0.018382 0.019608
0 0.463235 0.190196 0.019118 0.016993
0 0.462132 0.179085 0.018382 0.013072
0 0.456250 0.171242 0.015441 0.018301
0 0.459559 0.156863 0.010294 0.018301
0 0.431985 0.190850 0.011029 0.018301
0 0.411765 0.213072 0.016176 0.020915
0 0.398529 0.246405 0.013235 0.024837
0 0.391912 0.277124 0.030882 0.028758
0 0.375735 0.264706 0.030882 0.022222
0 0.358088 0.235294 0.029412 0.020915
0 0.360662 0.219608 0.027206 0.015686
0 0.389706 0.222222 0.023529 0.020915
0 0.395956 0.199346 0.012500 0.022222
0 0.393382 0.185621 0.014706 0.023529
0 0.368750 0.186928 0.022794 0.018301
0 0.368015 0.181699 0.021324 0.013072
0 0.360662 0.178431 0.024265 0.016993
0 0.361397 0.171895 0.021324 0.011765
0 0.359559 0.162092 0.022059 0.013072
0 0.392279 0.178431 0.016912 0.022222
0 0.412500 0.141176 0.010294 0.020915
0 0.399265 0.133333 0.008824 0.015686
0 0.410662 0.125490 0.011029 0.013072
0 0.421324 0.119608 0.007353 0.011765
0 0.425368 0.132026 0.009559 0.013072
0 0.438235 0.141176 0.010294 0.015686
0 0.608456 0.509804 0.027206 0.054902
0 0.380515 0.166667 0.012500 0.019608
0 0.343015 0.127451 0.011029 0.016993
0 0.363235 0.152288 0.010294 0.014379
