0 0.656250 0.932680 0.093382 0.134641
0 0.719118 0.843791 0.094118 0.147712
0 0.579044 0.506536 0.072794 0.103268
0 0.407721 0.578431 0.037500 0.121569
0 0.477941 0.481699 0.069118 0.105882
0 0.553676 0.405229 0.076471 0.104575
0 0.622794 0.314379 0.057353 0.098039
0 0.700368 0.228105 0.059559 0.082353
0 0.674632 0.158824 0.055147 0.074510
0 0.745588 0.088889 0.051471 0.070588
0 0.802941 0.030719 0.050000 0.061438
0 0.594853 0.072549 0.052941 0.079739
0 0.548897 0.190196 0.069853 0.113725
0 0.545588 0.291503 0.055882 0.094118
0 0.519853 0.129412 0.058824 0.075817
0 0.464706 0.265359 0.076471 0.117647
0 0.391176 0.352941 0.066176 0.107190
0 0.526838 0.037255 0.058088 0.064052
0 0.450000 0.111765 0.061765 0.061438
0 0.406985 0.127451 0.052206 0.082353
