0 0.765074 0.869935 0.080147 0.126797
0 0.387868 0.966013 0.065441 0.067974
0 0.033824 0.974510 0.066176 0.050980
0 0.610662 0.739869 0.050735 0.104575
0 0.397794 0.664706 0.044118 0.092810
0 0.410294 0.553595 0.032353 0.079739
0 0.270588 0.735294 0.060294 0.118954
0 0.138235 0.657516 0.088235 0.070588
0 0.282721 0.526144 0.036029 0.074510
0 0.219118 0.513072 0.076471 0.061438
0 0.230882 0.430065 0.030882 0.054902
0 0.593750 0.199346 0.021324 0.016993
0 0.549265 0.383007 0.020588 0.033987
0 0.511397 0.305882 0.015441 0.031373
0 0.456250 0.228105 0.012500 0.019608
0 0.509559 0.258170 0.013235 0.022222
0 0.515809 0.231373 0.012500 0.020915
0 0.495956 0.187582 0.008088 0.019608
0 0.498162 0.172549 0.008088 0.013072
0 0.505515 0.166013 0.006618 0.013072
0 0.500000 0.150980 0.005882 0.011765
0 0.495221 0.125490 0.005147 0.007843
0 0.486765 0.150327 0.008824 0.010458
0 0.486397 0.135294 0.006618 0.009150
0 0.469853 0.141176 0.007353 0.010458
0 0.473162 0.156863 0.008088 0.013072
0 0.467279 0.163399 0.008088 0.015686
0 0.451103 0.139216 0.006618 0.011765
0 0.447794 0.159477 0.008824 0.013072
0 0.328309 0.316340 0.019853 0.026144
0 0.303676 0.318301 0.022059 0.032680
0 0.332353 0.250980 0.036765 0.028758
0 0.380882 0.179739 0.022059 0.014379
0 0.380147 0.190850 0.023529 0.013072
0 0.390809 0.174510 0.019853 0.011765
0 0.393015 0.169935 0.019853 0.013072
0 0.358824 0.174510 0.022059 0.011765
