0 0.053309 0.936601 0.106618 0.126797
0 0.290074 0.914379 0.074265 0.171242
0 0.239338 0.352941 0.034559 0.054902
0 0.361397 0.454902 0.037500 0.088889
0 0.325735 0.373203 0.032353 0.066667
0 0.367279 0.359477 0.030147 0.057516
0 0.287500 0.301307 0.035294 0.050980
0 0.281618 0.255556 0.026471 0.045752
0 0.276838 0.232026 0.049265 0.048366
0 0.232353 0.226144 0.054412 0.041830
0 0.380882 0.262092 0.025000 0.058824
0 0.283088 0.171242 0.041176 0.033987
0 0.313971 0.173856 0.020588 0.033987
0 0.336397 0.180392 0.019853 0.036601
0 0.345221 0.158170 0.018382 0.033987
0 0.344853 0.104575 0.017647 0.026144
0 0.291912 0.129412 0.041176 0.026144
0 0.300000 0.116993 0.038235 0.024837
0 0.315809 0.103268 0.036029 0.023529
0 0.308456 0.085621 0.027206 0.027451
0 0.343750 0.083007 0.033088 0.024837
0 0.353676 0.073856 0.013235 0.022222
0 0.333088 0.055556 0.025000 0.024837
0 0.349632 0.037255 0.025735 0.022222
0 0.367279 0.028758 0.019853 0.018301
0 0.352574 0.019608 0.024265 0.015686
0 0.349632 0.013725 0.025735 0.016993
0 0.354044 0.009804 0.024265 0.014379
0 0.404779 0.078431 0.013971 0.026144
0 0.442647 0.144444 0.027941 0.040523
0 0.489338 0.188235 0.021324 0.039216
0 0.481618 0.129412 0.017647 0.026144
0 0.463235 0.080392 0.013235 0.027451
0 0.471324 0.041830 0.011765 0.020915
0 0.501471 0.054902 0.011765 0.023529
0 0.525368 0.055556 0.013971 0.019608
0 0.759191 0.918954 0.112500 0.162092
0 0.762132 0.407843 0.063971 0.065359
0 0.628309 0.265359 0.022794 0.052288
0 0.647059 0.211111 0.020588 0.043137
0 0.604412 0.215033 0.030882 0.040523
0 0.572426 0.158824 0.021324 0.030065
0 0.593382 0.126144 0.029412 0.022222
0 0.586397 0.110458 0.031618 0.022222
0 0.571324 0.101307 0.030882 0.027451
0 0.572794 0.073856 0.027941 0.024837
0 0.554044 0.055556 0.024265 0.022222
0 0.550368 0.054248 0.024265 0.014379
0 0.550000 0.050980 0.025000 0.020915
0 0.549265 0.044444 0.029412 0.023529
0 0.540809 0.030719 0.024265 0.016993
0 0.541176 0.026797 0.023529 0.019608
0 0.533088 0.022222 0.020588 0.018301
0 0.517647 0.380392 0.030882 0.054902
