0 0.433594 0.933796 0.060937 0.132407
0 0.440365 0.783796 0.046354 0.115741
0 0.181771 0.829630 0.080208 0.135185
0 0.295052 0.506481 0.040104 0.053704
0 0.365104 0.461111 0.051042 0.044444
0 0.387240 0.429167 0.049479 0.043519
0 0.774479 0.596296 0.075000 0.070370
0 0.664062 0.514352 0.064583 0.049074
0 0.523958 0.467130 0.056250 0.049074
0 0.433333 0.379167 0.027083 0.032407
0 0.217708 0.432870 0.048958 0.045370
0 0.238281 0.417130 0.041146 0.049074
0 0.250521 0.401389 0.037500 0.030556
0 0.128385 0.331944 0.028646 0.028704
0 0.071094 0.335648 0.017188 0.032407
0 0.420312 0.254167 0.014583 0.017593
0 0.389062 0.321296 0.017708 0.031481
0 0.394792 0.306481 0.014583 0.024074
0 0.382812 0.294444 0.013542 0.022222
0 0.386198 0.281019 0.014063 0.023148
0 0.376823 0.268981 0.013021 0.019444
0 0.372656 0.257870 0.011979 0.017593
0 0.366667 0.249537 0.010417 0.019444
0 0.374219 0.242593 0.011979 0.016667
0 0.344792 0.217130 0.011458 0.013889
0 0.339583 0.229630 0.010417 0.018519
0 0.342708 0.240741 0.011458 0.016667
0 0.352604 0.247222 0.011458 0.016667
0 0.297396 0.162037 0.007292 0.012963
0 0.307031 0.187963 0.010937 0.014815
0 0.833073 0.257870 0.014063 0.025000
0 0.871094 0.315278 0.020313 0.026852
0 0.877344 0.326389 0.022396 0.026852
0 0.889062 0.342593 0.025000 0.029630
