0 0.593229 0.941667 0.060417 0.116667
0 0.166406 0.938426 0.057813 0.123148
0 0.254167 0.616204 0.045833 0.087963
0 0.324479 0.572685 0.031250 0.069444
0 0.307292 0.481944 0.029167 0.054630
0 0.487760 0.323611 0.022396 0.028704
0 0.435677 0.270833 0.015104 0.025000
0 0.441667 0.247222 0.016667 0.029630
0 0.355729 0.276389 0.015625 0.028704
0 0.361458 0.206019 0.019792 0.021296
0 0.364063 0.195833 0.012500 0.019444
0 0.361719 0.179167 0.010937 0.017593
0 0.376042 0.162037 0.010417 0.016667
0 0.392708 0.160185 0.011458 0.018519
0 0.376823 0.144444 0.009896 0.014815
0 0.377344 0.135648 0.008854 0.013889
0 0.419271 0.142130 0.011458 0.023148
0 0.410156 0.153241 0.009896 0.017593
0 0.402083 0.139352 0.010417 0.013889
0 0.405990 0.130093 0.008854 0.012037
0 0.393750 0.129167 0.015625 0.023148
0 0.937240 0.578704 0.067187 0.050000
0 0.898698 0.554167 0.060937 0.050926
0 0.848958 0.518981 0.063542 0.054630
0 0.819271 0.501389 0.055208 0.054630
0 0.790365 0.479630 0.045312 0.048148
0 0.761458 0.464352 0.045833 0.047222
0 0.735677 0.424537 0.051562 0.034259
0 0.651563 0.504167 0.042708 0.036111
0 0.645833 0.471759 0.044792 0.037963
0 0.715104 0.405093 0.039583 0.026852
0 0.708333 0.392130 0.052083 0.032407
0 0.688542 0.367130 0.041667 0.034259
0 0.708073 0.373611 0.039062 0.034259
0 0.668750 0.333796 0.038542 0.028704
0 0.687760 0.350463 0.036979 0.030556
0 0.680469 0.340741 0.036979 0.035185
0 0.665104 0.325926 0.040625 0.029630
0 0.652344 0.291667 0.032813 0.025926
0 0.666927 0.313426 0.039062 0.023148
0 0.657813 0.307407 0.036458 0.025926
0 0.642448 0.287963 0.027604 0.022222
0 0.623437 0.275463 0.023958 0.026852
0 0.605208 0.258333 0.025000 0.033333
0 0.581510 0.325000 0.039062 0.033333
0 0.582552 0.313426 0.028646 0.026852
0 0.578125 0.306481 0.034375 0.031481
0 0.565365 0.289815 0.039062 0.035185
0 0.563542 0.278241 0.029167 0.028704
0 0.550000 0.261111 0.029167 0.029630
0 0.552604 0.245370 0.026042 0.018519
0 0.913802 0.216667 0.028646 0.022222
0 0.945052 0.205556 0.025521 0.022222
0 0.275521 0.193519 0.021875 0.022222
0 0.280469 0.180093 0.019271 0.015741
0 0.274219 0.161574 0.018229 0.015741
0 0.286198 0.171296 0.019271 0.014815
0 0.398177 0.118519 0.009896 0.014815
0 0.503385 0.121759 0.016146 0.019444
