0 0.576103 0.910458 0.055147 0.087582
0 0.519118 0.764706 0.051471 0.052288
0 0.450368 0.580392 0.041912 0.033987
0 0.186765 0.652941 0.026471 0.037908
0 0.156250 0.395425 0.019853 0.030065
0 0.472059 0.425490 0.014706 0.022222
0 0.471324 0.411765 0.022059 0.018301
0 0.463971 0.492157 0.020588 0.027451
0 0.456250 0.513072 0.018382 0.032680
0 0.184926 0.324837 0.013971 0.022222
0 0.579044 0.787582 0.046324 0.071895
0 0.524632 0.711765 0.049265 0.048366
0 0.528309 0.687582 0.052206 0.039216
0 0.350000 0.639216 0.030882 0.039216
0 0.342647 0.594771 0.023529 0.036601
0 0.329044 0.561438 0.033088 0.037908
0 0.429779 0.516340 0.021324 0.031373
0 0.349632 0.375163 0.013971 0.026144
0 0.331985 0.450327 0.015441 0.022222
0 0.310294 0.455556 0.016176 0.024837
0 0.331618 0.479739 0.022059 0.028758
0 0.361029 0.307190 0.016176 0.028758
0 0.248162 0.319608 0.009559 0.016993
0 0.292647 0.342484 0.008824 0.015686
0 0.294118 0.331373 0.010294 0.014379
0 0.323162 0.259477 0.008088 0.014379
0 0.334559 0.252941 0.007353 0.011765
0 0.229779 0.263399 0.008088 0.011765
0 0.273162 0.198039 0.005147 0.009150
0 0.264706 0.202614 0.005882 0.007843
0 0.216544 0.253595 0.009559 0.018301
0 0.256250 0.198039 0.005147 0.009150
0 0.262868 0.181699 0.005147 0.007843
0 0.245956 0.179739 0.005147 0.009150
0 0.235294 0.179739 0.005882 0.009150
0 0.237132 0.167320 0.006618 0.007843
0 0.247426 0.173203 0.005147 0.009150
