0 0.015441 0.080392 0.022059 0.053595
0 0.006250 0.194771 0.012500 0.067974
0 0.480882 0.813072 0.016176 0.067974
0 0.398529 0.856209 0.019118 0.075817
0 0.373162 0.915686 0.034559 0.064052
0 0.326838 0.835294 0.019853 0.067974
0 0.346324 0.541830 0.017647 0.066667
0 0.586765 0.470588 0.017647 0.070588
0 0.597426 0.299346 0.025735 0.065359
0 0.361397 0.034641 0.028676 0.056209
0 0.600735 0.109150 0.030882 0.043137
0 0.497794 0.015686 0.014706 0.031373
0 0.358456 0.167974 0.016912 0.058824
0 0.351471 0.379739 0.033824 0.053595
0 0.585294 0.701307 0.020588 0.082353
0 0.345588 0.750327 0.023529 0.073203
0 0.414706 0.467974 0.017647 0.052288
0 0.350368 0.439216 0.022794 0.057516
0 0.356618 0.242484 0.025000 0.056209
0 0.598897 0.063399 0.030147 0.045752
0 0.597794 0.369935 0.029412 0.057516
0 0.603309 0.171242 0.027206 0.036601
0 0.619118 0.973856 0.017647 0.052288
