0 0.782721 0.379085 0.099265 0.088889
0 0.690441 0.383660 0.089706 0.079739
0 0.418382 0.666667 0.127941 0.117647
0 0.216912 0.241830 0.083824 0.073203
0 0.600368 0.288889 0.075735 0.075817
0 0.108088 0.113725 0.061765 0.057516
0 0.241176 0.191503 0.082353 0.071895
0 0.365074 0.184314 0.063971 0.075817
0 0.434191 0.014379 0.058088 0.028758
0 0.580882 0.132680 0.073529 0.061438
0 0.844853 0.131373 0.073529 0.050980
0 0.923529 0.167974 0.077941 0.056209
0 0.688603 0.007843 0.052206 0.015686
0 0.633088 0.010458 0.045588 0.020915
