0 0.236765 0.582353 0.044118 0.079739
0 0.288971 0.516993 0.038235 0.061438
0 0.267647 0.450327 0.027941 0.045752
0 0.246691 0.384314 0.025735 0.039216
0 0.252574 0.345098 0.021324 0.033987
0 0.240809 0.268627 0.022794 0.027451
0 0.235294 0.219608 0.013235 0.020915
0 0.163603 0.232026 0.016912 0.019608
0 0.532353 0.582353 0.067647 0.077124
0 0.733456 0.466667 0.043382 0.047059
0 0.365441 0.321569 0.017647 0.028758
0 0.356618 0.296078 0.032353 0.027451
0 0.342279 0.326144 0.027206 0.022222
0 0.342647 0.349673 0.023529 0.035294
