0 0.245588 0.864052 0.073529 0.180392
0 0.425735 0.698039 0.051471 0.138562
0 0.533824 0.950327 0.063235 0.099346
0 0.525735 0.792157 0.054412 0.143791
0 0.515074 0.610458 0.043382 0.099346
0 0.506985 0.502614 0.034559 0.071895
0 0.510662 0.391503 0.031618 0.058824
0 0.560662 0.373856 0.028676 0.049673
0 0.652206 0.221569 0.045588 0.037908
0 0.705882 0.201307 0.047059 0.036601
0 0.748897 0.190196 0.036029 0.027451
0 0.756618 0.147712 0.038235 0.026144
0 0.861029 0.160784 0.039706 0.028758
0 0.963235 0.227451 0.044118 0.036601
0 0.979044 0.162092 0.041912 0.028758
0 0.688971 0.149673 0.027941 0.027451
0 0.662500 0.152288 0.030882 0.030065
0 0.670221 0.143137 0.030147 0.027451
0 0.656985 0.133333 0.033088 0.023529
0 0.643015 0.126797 0.030147 0.023529
0 0.628676 0.114379 0.030882 0.022222
0 0.618382 0.108497 0.027941 0.020915
0 0.608088 0.101961 0.025000 0.026144
0 0.594853 0.099346 0.016176 0.018301
0 0.593015 0.084314 0.012500 0.022222
0 0.619853 0.088889 0.027941 0.018301
0 0.609559 0.079085 0.014706 0.022222
0 0.552941 0.145098 0.027941 0.028758
0 0.468750 0.118301 0.013971 0.024837
0 0.500735 0.118301 0.014706 0.022222
0 0.511029 0.096078 0.013235 0.022222
0 0.517279 0.060784 0.011029 0.016993
0 0.565809 0.076471 0.011029 0.016993
0 0.587132 0.023529 0.011029 0.018301
0 0.582353 0.009150 0.007353 0.010458
0 0.343750 0.132680 0.034559 0.027451
0 0.264706 0.204575 0.050000 0.030065
0 0.281618 0.054248 0.017647 0.019608
0 0.387868 0.063399 0.016912 0.019608
0 0.497059 0.016340 0.007353 0.011765
0 0.195221 0.443791 0.037500 0.069281
0 0.226838 0.396078 0.036029 0.067974
0 0.167279 0.395425 0.038971 0.074510
0 0.165441 0.346405 0.070588 0.057516
0 0.123529 0.312418 0.042647 0.054902
0 0.108824 0.281046 0.051471 0.054902
0 0.105882 0.236601 0.052941 0.036601
0 0.108824 0.203922 0.051471 0.033987
0 0.013603 0.139216 0.027206 0.027451
0 0.103309 0.136601 0.047794 0.032680
0 0.209191 0.176471 0.041912 0.031373
0 0.213235 0.140523 0.036765 0.027451
0 0.210294 0.118301 0.036765 0.032680
0 0.163603 0.141830 0.041912 0.027451
0 0.331618 0.080392 0.022059 0.022222
0 0.322794 0.069935 0.030882 0.022222
