0 0.083088 0.623529 0.091176 0.086275
0 0.263971 0.528105 0.060294 0.062745
0 0.386765 0.491503 0.048529 0.062745
0 0.558088 0.492810 0.058824 0.047059
0 0.595588 0.537908 0.044118 0.053595
0 0.655882 0.493464 0.050000 0.045752
0 0.714706 0.519608 0.033824 0.048366
0 0.727941 0.579085 0.030882 0.054902
0 0.753309 0.524183 0.030147 0.052288
0 0.606618 0.900654 0.060294 0.122876
0 0.700735 0.893464 0.067647 0.116340
0 0.622426 0.786928 0.052206 0.099346
0 0.908824 0.766667 0.050000 0.087582
0 0.984559 0.798039 0.030882 0.092810
0 0.838235 0.476471 0.033824 0.040523
0 0.844118 0.400000 0.023529 0.039216
0 0.777206 0.336601 0.014706 0.024837
0 0.786765 0.323529 0.016176 0.022222
0 0.680882 0.249673 0.014706 0.020915
0 0.700735 0.255556 0.016176 0.019608
0 0.766176 0.243791 0.011765 0.014379
0 0.756985 0.216993 0.009559 0.018301
0 0.871691 0.247059 0.011029 0.020915
0 0.819485 0.145098 0.006618 0.007843
0 0.843015 0.135294 0.003676 0.006536
0 0.848529 0.137908 0.004412 0.006536
