0 0.314323 0.843056 0.111979 0.191667
0 0.257812 0.967593 0.135417 0.064815
0 0.122917 0.620370 0.091667 0.070370
0 0.015625 0.458333 0.031250 0.037037
0 0.032031 0.474537 0.032813 0.036111
0 0.365885 0.556019 0.086979 0.071296
0 0.408073 0.472685 0.050521 0.041667
0 0.417969 0.459722 0.045312 0.039815
0 0.447917 0.658333 0.091667 0.072222
0 0.515625 0.836574 0.146875 0.154630
0 0.509115 0.740278 0.133854 0.121296
0 0.454948 0.481481 0.046354 0.040741
0 0.521615 0.474537 0.050521 0.036111
0 0.521615 0.468519 0.053646 0.033333
0 0.526563 0.460648 0.054167 0.030556
0 0.527083 0.456019 0.042708 0.030556
0 0.657813 0.649537 0.084375 0.075000
0 0.967708 0.587500 0.062500 0.056481
0 0.858073 0.471759 0.029687 0.036111
0 0.724219 0.502778 0.027604 0.044444
0 0.730990 0.483796 0.024479 0.039815
0 0.723437 0.469444 0.022917 0.033333
0 0.724479 0.455556 0.020833 0.031481
0 0.685677 0.476389 0.023438 0.034259
0 0.688802 0.434722 0.044271 0.025000
0 0.734115 0.378241 0.010937 0.015741
0 0.725521 0.359259 0.008333 0.009259
0 0.718750 0.354630 0.005208 0.009259
0 0.723698 0.339815 0.004687 0.007407
0 0.641667 0.350000 0.012500 0.009259
0 0.633073 0.370370 0.016146 0.012963
