0 0.358824 0.506536 0.051471 0.074510
0 0.397426 0.563399 0.055147 0.083660
0 0.574632 0.525490 0.044853 0.067974
0 0.517647 0.396078 0.025000 0.036601
0 0.484926 0.306536 0.013971 0.027451
0 0.518750 0.319608 0.013971 0.027451
0 0.527206 0.353595 0.017647 0.032680
0 0.844118 0.477124 0.063235 0.062745
0 0.036765 0.760131 0.073529 0.150327
0 0.718750 0.365359 0.019853 0.022222
0 0.205147 0.372549 0.061765 0.036601
0 0.222426 0.359477 0.059559 0.033987
0 0.246691 0.343137 0.034559 0.027451
0 0.114706 0.441176 0.072059 0.037908
0 0.489706 0.277124 0.010294 0.023529
0 0.285294 0.317647 0.017647 0.031373
0 0.306250 0.315033 0.024265 0.033987
0 0.373897 0.279085 0.021324 0.019608
0 0.359559 0.247712 0.016176 0.024837
0 0.686765 0.326797 0.017647 0.033987
