0 0.030147 0.832026 0.060294 0.145098
0 0.827941 0.830719 0.073529 0.084967
0 0.785294 0.548366 0.044118 0.045752
0 0.732353 0.455556 0.035294 0.035294
0 0.010662 0.273856 0.015441 0.019608
0 0.002941 0.250980 0.005882 0.013072
0 0.002574 0.283007 0.005147 0.016993
0 0.366176 0.450327 0.051471 0.043137
0 0.657353 0.318301 0.025000 0.022222
0 0.499265 0.226797 0.007353 0.014379
0 0.477941 0.209150 0.005882 0.010458
0 0.470956 0.194118 0.005147 0.006536
0 0.319485 0.262745 0.025735 0.015686
