0 0.712132 0.883007 0.074265 0.176471
0 0.545956 0.583007 0.046324 0.107190
0 0.455882 0.767974 0.051471 0.163399
0 0.426103 0.545752 0.047794 0.129412
0 0.558456 0.179085 0.025735 0.047059
0 0.506618 0.067974 0.023529 0.041830
0 0.752574 0.379739 0.044853 0.087582
0 0.706250 0.177124 0.049265 0.040523
0 0.798529 0.257516 0.058824 0.049673
0 0.778676 0.187582 0.050000 0.045752
0 0.391544 0.156209 0.030147 0.045752
0 0.331618 0.024837 0.020588 0.039216
0 0.391176 0.222876 0.033824 0.077124
0 0.251103 0.016340 0.040441 0.032680
0 0.220956 0.057516 0.046324 0.039216
0 0.207721 0.083660 0.043382 0.036601
0 0.076471 0.149673 0.055882 0.056209
0 0.309926 0.237908 0.027206 0.062745
0 0.025735 0.259477 0.051471 0.061438
