0 0.175368 0.186928 0.028676 0.075817
0 0.169485 0.272549 0.033088 0.069281
0 0.168382 0.364706 0.042647 0.107190
0 0.276103 0.326144 0.037500 0.095425
0 0.134191 0.798693 0.097794 0.206536
0 0.200000 0.598039 0.052941 0.150327
0 0.343015 0.020261 0.022794 0.035294
0 0.319118 0.035294 0.017647 0.047059
0 0.318382 0.286928 0.033824 0.066667
0 0.374265 0.249020 0.039706 0.053595
0 0.417279 0.379739 0.058088 0.090196
0 0.485294 0.457516 0.045588 0.088889
0 0.526471 0.683007 0.086765 0.145098
0 0.587500 0.813725 0.057353 0.173856
0 0.794853 0.921569 0.144118 0.156863
0 0.977574 0.477778 0.044853 0.084967
0 0.441544 0.012418 0.021324 0.024837
