0 0.078646 0.605556 0.069792 0.048148
0 0.360417 0.634259 0.043750 0.101852
0 0.434375 0.669444 0.043750 0.087037
0 0.373437 0.241667 0.021875 0.016667
0 0.434896 0.248148 0.021875 0.018519
0 0.451042 0.437963 0.025000 0.042593
0 0.522396 0.457407 0.028125 0.044444
0 0.502083 0.377778 0.022917 0.037037
0 0.503125 0.312037 0.016667 0.027778
0 0.606771 0.238889 0.009375 0.014815
0 0.615625 0.238889 0.014583 0.018519
0 0.622917 0.238889 0.016667 0.018519
0 0.635417 0.237963 0.014583 0.016667
0 0.632812 0.259259 0.015625 0.018519
0 0.617188 0.226852 0.017708 0.012963
