0 0.042279 0.963399 0.084559 0.073203
0 0.279779 0.892810 0.150735 0.112418
0 0.408456 0.971895 0.150735 0.056209
0 0.184191 0.645098 0.103676 0.087582
0 0.067279 0.632026 0.102206 0.069281
0 0.329412 0.581046 0.076471 0.077124
0 0.350735 0.543791 0.072059 0.054902
0 0.352941 0.519608 0.082353 0.064052
0 0.352206 0.495425 0.070588 0.039216
0 0.371324 0.481046 0.075000 0.049673
0 0.447059 0.541176 0.036765 0.067974
0 0.493015 0.540523 0.036029 0.069281
0 0.498162 0.481699 0.033088 0.066667
0 0.512500 0.441830 0.027941 0.057516
0 0.516544 0.403268 0.024265 0.040523
0 0.525000 0.370588 0.022059 0.035294
0 0.420221 0.434641 0.061029 0.045752
0 0.419853 0.415686 0.063235 0.036601
0 0.436397 0.400000 0.058088 0.039216
0 0.444118 0.380392 0.051471 0.041830
0 0.458088 0.341830 0.044118 0.030065
0 0.466176 0.327451 0.044118 0.027451
0 0.586029 0.380392 0.023529 0.033987
0 0.895956 0.613725 0.072794 0.098039
0 0.740809 0.634641 0.103676 0.082353
0 0.729044 0.576471 0.090441 0.073203
0 0.720956 0.460784 0.058088 0.058824
0 0.717279 0.447059 0.050735 0.052288
0 0.712868 0.433987 0.050735 0.054902
0 0.471691 0.307190 0.031618 0.020915
0 0.483088 0.288889 0.029412 0.020915
0 0.513603 0.286275 0.015441 0.023529
0 0.519118 0.259477 0.013235 0.019608
0 0.559559 0.278431 0.014706 0.023529
0 0.587868 0.278431 0.019853 0.023529
0 0.589338 0.245098 0.012500 0.022222
0 0.610662 0.257516 0.027206 0.018301
0 0.610662 0.250980 0.031618 0.023529
0 0.595221 0.236601 0.016912 0.018301
0 0.515074 0.250327 0.027206 0.022222
0 0.525735 0.243791 0.014706 0.019608
0 0.522059 0.233987 0.022059 0.015686
0 0.519118 0.224837 0.023529 0.015686
0 0.522059 0.218954 0.020588 0.019608
0 0.558824 0.202614 0.008824 0.015686
0 0.527941 0.201307 0.022059 0.015686
0 0.592279 0.221569 0.019853 0.014379
0 0.584191 0.212418 0.011029 0.016993
0 0.622426 0.311111 0.031618 0.031373
