0 0.686458 0.945833 0.125000 0.108333
0 0.675000 0.844444 0.096875 0.074074
0 0.658333 0.798148 0.087500 0.066667
0 0.657031 0.758333 0.091146 0.066667
0 0.648698 0.712963 0.079687 0.064815
0 0.954688 0.968519 0.090625 0.061111
0 0.930729 0.923611 0.111458 0.082407
0 0.854948 0.818056 0.076563 0.117593
0 0.798438 0.712963 0.073958 0.116667
0 0.194792 0.883796 0.071875 0.119444
0 0.148177 0.746759 0.068229 0.099074
0 0.293750 0.663426 0.045833 0.080556
0 0.457292 0.476389 0.025000 0.043519
0 0.308854 0.427315 0.041667 0.045370
0 0.325521 0.394444 0.027083 0.042593
0 0.344531 0.370370 0.026562 0.037037
0 0.345052 0.342593 0.021354 0.035185
0 0.405208 0.352778 0.020833 0.038889
0 0.010677 0.421296 0.021354 0.033333
0 0.216927 0.420833 0.028646 0.049074
0 0.259896 0.352778 0.026042 0.027778
0 0.406771 0.313426 0.016667 0.032407
0 0.390365 0.275463 0.017188 0.026852
0 0.446354 0.292593 0.016667 0.033333
0 0.470573 0.267593 0.014063 0.022222
0 0.450521 0.263889 0.015625 0.025926
0 0.413281 0.260648 0.015104 0.032407
0 0.448437 0.248611 0.014583 0.023148
0 0.442969 0.226852 0.020313 0.037037
0 0.329167 0.244444 0.018750 0.022222
0 0.449740 0.168056 0.010937 0.023148
0 0.466406 0.161111 0.009896 0.016667
0 0.403125 0.136111 0.008333 0.012963
0 0.427344 0.134259 0.008854 0.012963
0 0.401302 0.124537 0.007812 0.013889
0 0.464844 0.154630 0.009896 0.012963
0 0.435937 0.115741 0.007292 0.012963
0 0.398438 0.108333 0.007292 0.012963
