0 0.661397 0.957516 0.084559 0.064052
0 0.645588 0.910458 0.075000 0.058824
0 0.638971 0.867320 0.082353 0.066667
0 0.645588 0.816993 0.058824 0.060131
0 0.626471 0.793464 0.066176 0.052288
0 0.610662 0.770588 0.061029 0.048366
0 0.602574 0.753595 0.056618 0.045752
0 0.550368 0.822222 0.030147 0.062745
0 0.565074 0.943791 0.038971 0.078431
0 0.736029 0.777124 0.064706 0.056209
0 0.836397 0.954902 0.086029 0.064052
0 0.471691 0.873856 0.031618 0.066667
0 0.568382 0.694118 0.047059 0.044444
0 0.643382 0.606536 0.032353 0.026144
0 0.621324 0.566667 0.033824 0.024837
0 0.612868 0.549020 0.031618 0.023529
0 0.561765 0.593464 0.036765 0.026144
0 0.551838 0.607190 0.031618 0.030065
0 0.550735 0.556209 0.032353 0.022222
0 0.543015 0.536601 0.028676 0.019608
0 0.546324 0.520261 0.026471 0.018301
0 0.545956 0.510458 0.024265 0.016993
0 0.598897 0.505229 0.027206 0.016993
0 0.596324 0.496732 0.025000 0.018301
0 0.560662 0.478431 0.021324 0.018301
0 0.533088 0.464706 0.020588 0.016993
0 0.570588 0.513072 0.013235 0.016993
0 0.313971 0.709150 0.057353 0.050980
0 0.319118 0.692157 0.057353 0.043137
0 0.134559 0.517647 0.030882 0.018301
0 0.062500 0.506536 0.026471 0.024837
0 0.054412 0.512418 0.023529 0.020915
0 0.045588 0.518954 0.026471 0.020915
0 0.449265 0.507190 0.011765 0.020915
0 0.475000 0.506536 0.011765 0.019608
0 0.486765 0.486275 0.010294 0.020915
0 0.456618 0.480392 0.010294 0.016993
0 0.504044 0.477778 0.009559 0.019608
0 0.490074 0.462745 0.009559 0.015686
0 0.461029 0.447712 0.008824 0.014379
0 0.489706 0.447712 0.008824 0.014379
0 0.499632 0.429412 0.006618 0.011765
0 0.478309 0.437255 0.008088 0.009150
0 0.462132 0.433987 0.006618 0.010458
0 0.465441 0.423529 0.007353 0.010458
0 0.475368 0.428105 0.008088 0.011765
0 0.490074 0.424837 0.008088 0.010458
