0 0.338603 0.826797 0.094853 0.079739
0 0.776103 0.950327 0.071324 0.099346
0 0.864338 0.944444 0.071324 0.111111
0 0.079044 0.871895 0.106618 0.083660
0 0.069118 0.521569 0.075000 0.065359
0 0.290441 0.346405 0.025000 0.054902
0 0.225368 0.326144 0.025735 0.064052
0 0.181985 0.320261 0.036029 0.062745
0 0.209559 0.271895 0.022059 0.057516
0 0.182721 0.262092 0.025735 0.066667
0 0.193750 0.179085 0.021324 0.039216
0 0.200368 0.133987 0.016912 0.043137
0 0.222426 0.141830 0.018382 0.035294
0 0.207353 0.112418 0.016176 0.028758
0 0.214338 0.074510 0.016912 0.028758
0 0.234191 0.064706 0.013971 0.035294
0 0.386029 0.022876 0.029412 0.022222
0 0.364706 0.088889 0.023529 0.028758
0 0.422059 0.127451 0.032353 0.027451
0 0.420221 0.147059 0.041912 0.030065
0 0.410294 0.257516 0.033824 0.044444
0 0.429412 0.279739 0.033824 0.041830
0 0.450368 0.301961 0.046324 0.047059
0 0.615074 0.547059 0.059559 0.066667
0 0.622426 0.487582 0.058088 0.062745
0 0.729044 0.590196 0.066912 0.061438
0 0.752574 0.526797 0.068382 0.054902
0 0.715074 0.467974 0.074265 0.070588
0 0.752206 0.357516 0.033824 0.058824
0 0.793015 0.364052 0.049265 0.050980
0 0.808456 0.462745 0.072794 0.070588
0 0.851471 0.401961 0.061765 0.043137
0 0.817647 0.584314 0.077941 0.057516
0 0.901103 0.562745 0.065441 0.066667
0 0.895588 0.511111 0.067647 0.052288
0 0.902206 0.457516 0.067647 0.065359
0 0.970588 0.555556 0.058824 0.057516
0 0.982353 0.494118 0.035294 0.054902
0 0.987868 0.449020 0.024265 0.045752
0 0.921324 0.407190 0.054412 0.064052
0 0.879779 0.343791 0.053676 0.054902
