0 0.150000 0.439216 0.038235 0.028758
0 0.248897 0.437908 0.037500 0.028758
0 0.813603 0.411765 0.037500 0.028758
0 0.804044 0.460131 0.052206 0.028758
0 0.985662 0.705882 0.027206 0.041830
0 0.502574 0.929412 0.013971 0.060131
0 0.420956 0.488235 0.036029 0.058824
0 0.731618 0.458170 0.038235 0.030065
0 0.600735 0.146405 0.020588 0.065359
0 0.529044 0.112418 0.012500 0.057516
0 0.467279 0.244444 0.012500 0.060131
0 0.332353 0.429412 0.036765 0.035294
0 0.237132 0.542484 0.037500 0.028758
0 0.019485 0.284314 0.038971 0.027451
0 0.058456 0.286275 0.037500 0.028758
0 0.162868 0.147059 0.037500 0.032680
0 0.011029 0.795425 0.022059 0.061438
0 0.141176 0.790196 0.039706 0.027451
