0 0.711979 0.451852 0.071875 0.044444
0 0.652604 0.488889 0.059375 0.055556
0 0.484896 0.361111 0.051042 0.033333
0 0.466146 0.349074 0.046875 0.031481
0 0.483854 0.335185 0.044792 0.029630
0 0.570312 0.352778 0.021875 0.038889
0 0.527083 0.212037 0.012500 0.020370
0 0.511458 0.210185 0.012500 0.016667
0 0.492708 0.211111 0.010417 0.018519
0 0.478125 0.209259 0.012500 0.018519
0 0.421875 0.200926 0.012500 0.020370
0 0.437500 0.204630 0.014583 0.027778
0 0.572917 0.224074 0.016667 0.025926
0 0.584375 0.197222 0.018750 0.020370
