0 0.921324 0.880392 0.058824 0.058824
0 0.957721 0.728105 0.036029 0.031373
0 0.968015 0.745098 0.036029 0.036601
0 0.530515 0.831373 0.031618 0.054902
0 0.538235 0.743791 0.023529 0.047059
0 0.541176 0.718954 0.019118 0.031373
0 0.539706 0.698693 0.014706 0.030065
0 0.536397 0.683660 0.013971 0.023529
0 0.548897 0.675163 0.013971 0.027451
0 0.533088 0.667974 0.016176 0.023529
0 0.560662 0.658170 0.013971 0.019608
0 0.540809 0.659477 0.012500 0.022222
0 0.471324 0.745098 0.023529 0.049673
0 0.475735 0.731373 0.017647 0.048366
0 0.481985 0.709804 0.015441 0.028758
0 0.484559 0.702614 0.011765 0.037908
0 0.659191 0.583007 0.008088 0.007843
0 0.755147 0.717647 0.025000 0.036601
