0 0.678646 0.794444 0.078125 0.077778
0 0.444271 0.672222 0.030208 0.070370
0 0.402083 0.575926 0.025000 0.051852
0 0.446354 0.527778 0.026042 0.048148
0 0.568750 0.543519 0.037500 0.038889
0 0.440104 0.398148 0.015625 0.022222
0 0.438542 0.374074 0.014583 0.022222
0 0.430208 0.358333 0.010417 0.020370
0 0.430729 0.338889 0.011458 0.022222
0 0.427083 0.304630 0.010417 0.012963
0 0.430729 0.329630 0.007292 0.014815
0 0.431771 0.321296 0.011458 0.012963
0 0.429688 0.280556 0.017708 0.012963
