0 0.291667 0.491667 0.045833 0.035185
0 0.600000 0.699074 0.025000 0.098148
0 0.422917 0.546296 0.043750 0.037037
0 0.507292 0.467593 0.033333 0.035185
0 0.523438 0.406481 0.030208 0.027778
0 0.511458 0.362037 0.027083 0.031481
0 0.575000 0.373148 0.022917 0.024074
0 0.615625 0.365741 0.025000 0.024074
0 0.577604 0.343519 0.026042 0.027778
0 0.663542 0.331481 0.022917 0.022222
0 0.742188 0.375926 0.023958 0.022222
0 0.910417 0.253704 0.014583 0.018519
0 0.259375 0.748148 0.037500 0.040741
0 0.929167 0.162037 0.014583 0.012963
0 0.737500 0.304630 0.020833 0.020370
0 0.271354 0.426852 0.038542 0.031481
0 0.290625 0.398148 0.031250 0.037037
