0 0.468229 0.621759 0.045833 0.060185
0 0.448958 0.486574 0.035417 0.037963
0 0.323958 0.529167 0.031250 0.054630
0 0.284635 0.294444 0.016146 0.020370
0 0.306771 0.334259 0.018750 0.027778
0 0.285938 0.265741 0.013542 0.020370
0 0.247656 0.237037 0.011979 0.012963
0 0.254427 0.230093 0.009896 0.013889
0 0.185156 0.199537 0.008854 0.015741
0 0.222135 0.205556 0.006771 0.014815
0 0.382031 0.243981 0.015104 0.015741
0 0.401562 0.268056 0.011458 0.017593
0 0.396615 0.243519 0.015104 0.014815
