0 0.313971 0.903268 0.050000 0.133333
0 0.281618 0.797386 0.058824 0.099346
0 0.298162 0.698693 0.036029 0.069281
0 0.343382 0.701307 0.033824 0.084967
0 0.320588 0.600654 0.036765 0.069281
0 0.391176 0.601307 0.055882 0.067974
0 0.390809 0.565359 0.056618 0.045752
0 0.040809 0.664706 0.081618 0.058824
0 0.162868 0.618954 0.062500 0.058824
0 0.150368 0.515686 0.043382 0.037908
0 0.193750 0.495425 0.027206 0.044444
0 0.285662 0.535294 0.030147 0.043137
0 0.251471 0.392810 0.014706 0.022222
0 0.086029 0.445098 0.045588 0.027451
0 0.092279 0.435948 0.044853 0.024837
0 0.195588 0.374510 0.023529 0.024837
0 0.153309 0.383660 0.033088 0.024837
0 0.287132 0.384314 0.028676 0.023529
0 0.262868 0.374510 0.013971 0.019608
0 0.288971 0.373856 0.029412 0.023529
0 0.244485 0.341830 0.021324 0.019608
0 0.197794 0.361438 0.017647 0.022222
0 0.179779 0.361438 0.016912 0.022222
0 0.366544 0.400000 0.016912 0.023529
0 0.387132 0.378431 0.012500 0.024837
0 0.377574 0.346405 0.011029 0.018301
0 0.401103 0.334641 0.012500 0.015686
0 0.330515 0.329412 0.011029 0.018301
0 0.375368 0.309150 0.009559 0.014379
0 0.361397 0.304575 0.009559 0.013072
0 0.381250 0.301961 0.008088 0.013072
0 0.412132 0.328758 0.011029 0.016993
0 0.408824 0.307843 0.007353 0.011765
0 0.399632 0.281699 0.008088 0.011765
0 0.377941 0.284314 0.008824 0.011765
0 0.362500 0.288889 0.008824 0.013072
0 0.981618 0.360131 0.011765 0.014379
0 0.974265 0.349673 0.020588 0.016993
0 0.882721 0.328758 0.011029 0.016993
0 0.876471 0.273203 0.005882 0.010458
0 0.380147 0.249673 0.005882 0.007843
0 0.370956 0.223529 0.005147 0.007843
0 0.364706 0.226144 0.004412 0.007843
