0 0.580147 0.931373 0.114706 0.116340
0 0.183456 0.849020 0.063971 0.189542
0 0.060662 0.424183 0.043382 0.103268
0 0.340074 0.213072 0.061029 0.067974
0 0.310294 0.179085 0.044118 0.062745
0 0.284559 0.150980 0.044118 0.064052
0 0.015809 0.209150 0.031618 0.088889
0 0.914338 0.768627 0.078676 0.083660
0 0.725735 0.628105 0.080882 0.090196
0 0.717279 0.247059 0.044853 0.083660
0 0.763603 0.249020 0.062500 0.071895
0 0.836397 0.299346 0.071324 0.062745
0 0.861397 0.207843 0.066912 0.070588
0 0.661029 0.456863 0.070588 0.087582
0 0.746691 0.411111 0.088971 0.095425
0 0.779044 0.498693 0.072794 0.087582
0 0.847426 0.380392 0.086029 0.094118
0 0.825735 0.595425 0.092647 0.084967
0 0.886397 0.458170 0.078676 0.071895
0 0.975000 0.422876 0.050000 0.069281
0 0.919853 0.544444 0.077941 0.087582
0 0.980147 0.516993 0.039706 0.071895
0 0.930147 0.277124 0.067647 0.070588
