0 0.536029 0.219608 0.027941 0.096732
0 0.457721 0.266667 0.021324 0.078431
0 0.427941 0.418301 0.023529 0.086275
0 0.501471 0.315686 0.020588 0.090196
0 0.542279 0.345098 0.024265 0.086275
0 0.505147 0.482353 0.023529 0.094118
0 0.539706 0.486275 0.022059 0.083660
0 0.595221 0.343137 0.056618 0.045752
0 0.637132 0.102614 0.038971 0.037908
0 0.262500 0.482353 0.050000 0.044444
0 0.199265 0.483660 0.054412 0.044444
0 0.107721 0.486928 0.058088 0.043137
0 0.364706 0.748366 0.020588 0.079739
0 0.377941 0.937255 0.055882 0.060131
0 0.544853 0.622222 0.023529 0.091503
0 0.516544 0.894771 0.024265 0.103268
0 0.554779 0.892810 0.024265 0.107190
0 0.624265 0.890850 0.022059 0.098039
0 0.685662 0.406536 0.063971 0.036601
0 0.755882 0.409150 0.045588 0.031373
0 0.756250 0.347059 0.049265 0.040523
0 0.843015 0.667974 0.046324 0.086275
0 0.856985 0.592810 0.050735 0.040523
0 0.882721 0.681046 0.041912 0.083660
0 0.912868 0.661438 0.040441 0.094118
0 0.950735 0.656863 0.036765 0.087582
0 0.981985 0.655556 0.036029 0.090196
0 0.942279 0.282353 0.046324 0.065359
0 0.986765 0.226144 0.026471 0.060131
