0 0.475260 0.440278 0.021354 0.041667
0 0.568750 0.389815 0.016667 0.027778
0 0.554427 0.349537 0.015104 0.026852
0 0.507552 0.360185 0.016146 0.025926
0 0.617969 0.338426 0.015104 0.023148
0 0.654167 0.339352 0.029167 0.021296
0 0.713021 0.337963 0.026042 0.027778
0 0.504427 0.298611 0.013021 0.017593
0 0.574740 0.264352 0.010937 0.015741
0 0.504948 0.272222 0.009896 0.016667
0 0.511458 0.257407 0.009375 0.016667
0 0.500521 0.251389 0.009375 0.013889
0 0.497396 0.243519 0.008333 0.011111
0 0.499219 0.238889 0.007812 0.011111
0 0.496875 0.221759 0.008333 0.012037
0 0.484896 0.207870 0.007292 0.008333
0 0.475000 0.203241 0.006250 0.008333
0 0.511719 0.216204 0.007812 0.008333
0 0.525000 0.218981 0.009375 0.008333
0 0.555469 0.251852 0.009896 0.018519
0 0.549479 0.245833 0.008333 0.012037
0 0.552604 0.243056 0.007292 0.010185
0 0.536198 0.247222 0.007812 0.011111
0 0.534896 0.240278 0.007292 0.013889
0 0.529687 0.239352 0.007292 0.012037
0 0.524479 0.231481 0.007292 0.012963
0 0.519271 0.230093 0.006250 0.012037
0 0.527604 0.227778 0.009375 0.009259
