0 0.058456 0.611111 0.105147 0.150327
0 0.630882 0.235948 0.069118 0.058824
0 0.644118 0.067974 0.041176 0.033987
0 0.644118 0.052288 0.042647 0.028758
0 0.522059 0.068627 0.044118 0.043137
0 0.526103 0.060784 0.040441 0.043137
0 0.530882 0.050327 0.042647 0.037908
0 0.531250 0.041176 0.041912 0.037908
0 0.534926 0.036601 0.043382 0.039216
0 0.631250 0.028758 0.040441 0.028758
0 0.641912 0.016993 0.041176 0.033987
0 0.537132 0.025490 0.036029 0.032680
0 0.538603 0.017647 0.041912 0.030065
0 0.542279 0.012418 0.037500 0.024837
