0 0.780882 0.318301 0.019118 0.011765
0 0.785662 0.323529 0.022794 0.014379
0 0.770221 0.330719 0.022794 0.020915
0 0.834191 0.325490 0.009559 0.015686
0 0.863603 0.324183 0.019853 0.015686
0 0.848529 0.362092 0.016176 0.028758
0 0.884191 0.347059 0.024265 0.016993
0 0.781618 0.362745 0.016176 0.022222
0 0.766544 0.356863 0.013971 0.018301
0 0.830515 0.392157 0.025735 0.020915
0 0.827941 0.406536 0.038235 0.023529
0 0.826838 0.420261 0.037500 0.024837
0 0.805147 0.456209 0.023529 0.031373
0 0.739338 0.475817 0.024265 0.039216
0 0.734559 0.391503 0.016176 0.024837
0 0.410294 0.739216 0.075000 0.105882
0 0.249265 0.921569 0.107353 0.138562
