0 0.647396 0.175926 0.009375 0.011111
0 0.616667 0.207407 0.010417 0.014815
0 0.598437 0.214815 0.011458 0.014815
0 0.571875 0.271296 0.014583 0.016667
0 0.603125 0.241667 0.010417 0.016667
0 0.698438 0.279630 0.013542 0.022222
0 0.602604 0.299074 0.013542 0.020370
0 0.594271 0.339815 0.013542 0.020370
0 0.507292 0.373148 0.016667 0.027778
0 0.674479 0.365741 0.015625 0.024074
0 0.265104 0.536111 0.042708 0.042593
0 0.270313 0.583333 0.034375 0.051852
0 0.371354 0.651852 0.036458 0.070370
0 0.894271 0.757407 0.065625 0.107407
