0 0.599632 0.688889 0.043382 0.112418
0 0.501838 0.704575 0.041912 0.125490
0 0.392647 0.528105 0.035294 0.094118
0 0.519485 0.281046 0.028676 0.060131
0 0.485662 0.058824 0.018382 0.044444
0 0.190074 0.500000 0.068382 0.056209
0 0.202941 0.435294 0.070588 0.054902
0 0.226471 0.375817 0.054412 0.058824
0 0.254044 0.297386 0.049265 0.045752
0 0.026838 0.417647 0.053676 0.064052
0 0.069118 0.315686 0.079412 0.056209
0 0.079779 0.283660 0.069853 0.039216
0 0.100735 0.244444 0.077941 0.067974
0 0.194118 0.054902 0.047059 0.036601
