0 0.636029 0.950327 0.092647 0.099346
0 0.670221 0.813725 0.075735 0.121569
0 0.493015 0.845098 0.061029 0.155556
0 0.416912 0.841176 0.060294 0.166013
0 0.564706 0.737255 0.058824 0.096732
0 0.647059 0.679739 0.067647 0.104575
0 0.469485 0.697386 0.046324 0.105882
0 0.405882 0.656863 0.042647 0.092810
0 0.461397 0.603268 0.041912 0.090196
0 0.476471 0.454902 0.030882 0.044444
0 0.601838 0.464706 0.059559 0.053595
0 0.592279 0.438562 0.055147 0.037908
0 0.515809 0.422876 0.046324 0.045752
0 0.436397 0.430719 0.025735 0.045752
0 0.426103 0.367974 0.021324 0.035294
0 0.451103 0.328105 0.016912 0.028758
0 0.535294 0.347712 0.036765 0.028758
0 0.529779 0.337908 0.034559 0.024837
0 0.520221 0.318954 0.043382 0.028758
0 0.523897 0.271242 0.024265 0.024837
0 0.381985 0.313072 0.019853 0.027451
0 0.439338 0.284967 0.015441 0.026144
0 0.433088 0.260131 0.011765 0.026144
0 0.428309 0.251634 0.011029 0.016993
0 0.466544 0.252288 0.011029 0.023529
0 0.421691 0.226797 0.011029 0.016993
0 0.410294 0.220915 0.023529 0.018301
0 0.434926 0.222222 0.011029 0.015686
0 0.333824 0.228758 0.025000 0.018301
0 0.363235 0.225490 0.023529 0.014379
0 0.397794 0.218954 0.014706 0.016993
0 0.412868 0.209150 0.009559 0.013072
0 0.415809 0.201307 0.008088 0.013072
0 0.390441 0.194118 0.010294 0.014379
0 0.396324 0.188235 0.007353 0.010458
0 0.411397 0.182353 0.008088 0.011765
0 0.395588 0.177124 0.007353 0.014379
0 0.391176 0.162745 0.007353 0.011765
