0 0.679779 0.761438 0.086029 0.079739
0 0.644485 0.937255 0.063971 0.125490
0 0.413603 0.935948 0.053676 0.128105
0 0.415074 0.703268 0.046324 0.112418
0 0.486765 0.443137 0.025000 0.054902
0 0.299265 0.330065 0.055882 0.040523
0 0.249632 0.696078 0.097794 0.069281
0 0.252941 0.766013 0.092647 0.075817
0 0.200368 0.830065 0.108088 0.094118
0 0.259559 0.914379 0.111765 0.095425
0 0.166544 0.960784 0.146324 0.078431
0 0.618382 0.279739 0.023529 0.033987
0 0.477941 0.156863 0.013235 0.026144
0 0.517647 0.098693 0.010294 0.022222
0 0.309926 0.381046 0.063971 0.045752
0 0.337132 0.239869 0.047794 0.035294
0 0.408456 0.113072 0.016912 0.027451
0 0.475000 0.063399 0.011765 0.019608
0 0.497059 0.052288 0.010294 0.015686
0 0.497426 0.011765 0.009559 0.018301
0 0.471324 0.026797 0.010294 0.016993
0 0.454412 0.041830 0.010294 0.018301
0 0.451838 0.026144 0.009559 0.018301
0 0.339338 0.222222 0.041912 0.031373
0 0.353309 0.192810 0.036029 0.027451
0 0.354779 0.171895 0.038971 0.024837
0 0.359191 0.162092 0.037500 0.026144
0 0.363235 0.145752 0.036765 0.027451
0 0.364338 0.137255 0.031618 0.023529
0 0.366176 0.128758 0.032353 0.022222
0 0.368750 0.120261 0.031618 0.020915
0 0.373162 0.113725 0.031618 0.018301
0 0.372794 0.106536 0.030882 0.022222
0 0.375000 0.097386 0.030882 0.022222
0 0.380882 0.094771 0.029412 0.019608
0 0.381985 0.084967 0.030147 0.026144
0 0.353676 0.009150 0.008824 0.013072
0 0.340809 0.049673 0.015441 0.015686
0 0.336765 0.076471 0.032353 0.019608
0 0.314338 0.090850 0.033088 0.016993
0 0.312868 0.084314 0.030147 0.016993
0 0.291544 0.160131 0.018382 0.045752
0 0.288971 0.135948 0.019118 0.036601
0 0.435294 0.055556 0.010294 0.019608
0 0.413235 0.050980 0.010294 0.023529
0 0.386397 0.056209 0.025735 0.018301
0 0.389706 0.045752 0.022059 0.018301
0 0.434191 0.013072 0.008088 0.015686
0 0.422426 0.009150 0.009559 0.018301
0 0.419118 0.015033 0.008824 0.014379
0 0.392279 0.033987 0.021324 0.015686
0 0.398897 0.014379 0.021324 0.015686
0 0.395588 0.020915 0.022059 0.010458
0 0.725000 0.886275 0.111765 0.096732
0 0.735662 0.067974 0.025735 0.018301
0 0.986765 0.307843 0.026471 0.043137
0 0.961029 0.305882 0.033824 0.044444
0 0.930882 0.294118 0.036765 0.054902
