0 0.308824 0.856863 0.063235 0.074510
0 0.040809 0.596078 0.040441 0.088889
0 0.140441 0.125490 0.039706 0.112418
0 0.209559 0.520261 0.029412 0.104575
0 0.233088 0.369281 0.047059 0.132026
0 0.034559 0.926144 0.064706 0.077124
0 0.425735 0.581699 0.064706 0.083660
0 0.209191 0.229412 0.038971 0.095425
0 0.168015 0.024837 0.034559 0.049673
0 0.506250 0.713072 0.062500 0.077124
0 0.608456 0.629412 0.063971 0.074510
0 0.586765 0.878431 0.051471 0.067974
0 0.553309 0.464706 0.065441 0.074510
0 0.563235 0.307843 0.060294 0.058824
0 0.645221 0.261438 0.059559 0.065359
0 0.823897 0.277124 0.062500 0.070588
0 0.690809 0.556863 0.062500 0.075817
0 0.647794 0.843791 0.050000 0.064052
0 0.693382 0.767974 0.058824 0.111111
0 0.757721 0.737255 0.058088 0.099346
0 0.795221 0.484967 0.059559 0.086275
0 0.825000 0.594118 0.063235 0.061438
0 0.865809 0.507843 0.061029 0.061438
0 0.901471 0.394771 0.055882 0.065359
0 0.975000 0.481046 0.050000 0.086275
0 0.955882 0.167320 0.064706 0.073203
0 0.893015 0.098039 0.050735 0.086275
0 0.844485 0.113072 0.062500 0.098039
0 0.961765 0.040523 0.052941 0.081046
