0 0.465074 0.783007 0.069853 0.128105
0 0.857721 0.839869 0.131618 0.132026
0 0.361397 0.609804 0.052206 0.079739
0 0.816176 0.542484 0.058824 0.054902
0 0.355515 0.511765 0.038971 0.066667
0 0.429044 0.478431 0.031618 0.044444
0 0.398162 0.437908 0.025735 0.049673
0 0.429779 0.403922 0.021324 0.033987
0 0.524632 0.344444 0.012500 0.019608
0 0.623162 0.473856 0.022794 0.045752
0 0.699265 0.436601 0.025000 0.031373
0 0.665441 0.396078 0.023529 0.028758
0 0.646324 0.383660 0.025000 0.030065
0 0.097794 0.504575 0.048529 0.041830
0 0.190074 0.445098 0.058088 0.035294
0 0.202941 0.427451 0.055882 0.028758
0 0.229779 0.417647 0.043382 0.035294
0 0.272426 0.391503 0.024265 0.024837
0 0.288235 0.383007 0.016176 0.023529
0 0.281250 0.349673 0.022794 0.019608
0 0.362132 0.358170 0.033088 0.015686
0 0.504044 0.345098 0.009559 0.020915
0 0.509926 0.333333 0.008088 0.018301
0 0.496324 0.324183 0.008824 0.013072
0 0.494853 0.314379 0.008824 0.011765
0 0.518750 0.323529 0.008088 0.011765
0 0.511765 0.317647 0.007353 0.013072
0 0.510294 0.313725 0.007353 0.010458
