0 0.343750 0.752778 0.068750 0.179630
0 0.592187 0.538889 0.040625 0.059259
0 0.359896 0.429630 0.038542 0.051852
0 0.439063 0.380556 0.021875 0.035185
0 0.444271 0.346296 0.017708 0.029630
0 0.426042 0.335185 0.016667 0.029630
0 0.455729 0.323148 0.017708 0.027778
0 0.257812 0.407407 0.044792 0.051852
0 0.227604 0.395370 0.034375 0.042593
0 0.133333 0.335185 0.039583 0.025926
0 0.184896 0.327778 0.038542 0.025926
0 0.283333 0.383333 0.016667 0.044444
0 0.297396 0.365741 0.017708 0.038889
0 0.553646 0.284259 0.015625 0.027778
0 0.489583 0.219444 0.010417 0.020370
0 0.436979 0.239815 0.011458 0.024074
0 0.442188 0.228704 0.009375 0.020370
0 0.481771 0.174074 0.005208 0.007407
0 0.267708 0.350000 0.031250 0.048148
0 0.309896 0.345370 0.048958 0.042593
