0 0.239338 0.918301 0.115441 0.163399
0 0.332353 0.418301 0.082353 0.062745
0 0.348897 0.338562 0.075735 0.057516
0 0.383088 0.302614 0.073529 0.056209
0 0.504412 0.184314 0.020588 0.041830
0 0.570221 0.422876 0.034559 0.066667
0 0.557353 0.718301 0.055882 0.155556
0 0.857721 0.942484 0.138971 0.115033
0 0.831250 0.771895 0.130147 0.103268
0 0.765074 0.521569 0.087500 0.070588
0 0.744118 0.431373 0.094118 0.062745
0 0.720956 0.367974 0.081618 0.058824
0 0.694853 0.316340 0.060294 0.052288
0 0.776103 0.306536 0.041912 0.069281
0 0.673162 0.209804 0.052206 0.043137
0 0.636397 0.314379 0.031618 0.069281
0 0.580147 0.177124 0.023529 0.043137
0 0.572426 0.103268 0.018382 0.028758
0 0.618382 0.113725 0.022059 0.041830
0 0.523162 0.086928 0.018382 0.035294
0 0.565809 0.056863 0.016912 0.030065
0 0.566912 0.031373 0.014706 0.023529
0 0.564338 0.009804 0.013971 0.019608
0 0.535662 0.033987 0.012500 0.033987
0 0.524632 0.011111 0.013971 0.022222
