0 0.915441 0.408497 0.055882 0.045752
0 0.840074 0.383660 0.044853 0.037908
0 0.853676 0.366667 0.027941 0.035294
0 0.834559 0.301961 0.019118 0.028758
0 0.742279 0.283660 0.021324 0.028758
0 0.636029 0.347059 0.044118 0.040523
0 0.406985 0.360131 0.047794 0.035294
0 0.369853 0.369281 0.051471 0.043137
0 0.299265 0.330065 0.047059 0.043137
0 0.497794 0.233987 0.029412 0.041830
0 0.477574 0.247712 0.015441 0.030065
0 0.789338 0.152941 0.016912 0.013072
0 0.730882 0.184314 0.010294 0.020915
0 0.687132 0.175163 0.021324 0.015686
0 0.670221 0.164706 0.009559 0.015686
0 0.680882 0.166013 0.016176 0.013072
0 0.704779 0.160131 0.018382 0.014379
0 0.700735 0.167320 0.010294 0.013072
0 0.559926 0.260131 0.033088 0.023529
0 0.569853 0.249020 0.032353 0.024837
0 0.581250 0.238562 0.031618 0.024837
0 0.287868 0.272549 0.031618 0.032680
0 0.206985 0.258170 0.033088 0.030065
0 0.258824 0.270588 0.027941 0.023529
0 0.241544 0.265359 0.028676 0.028758
0 0.229779 0.260131 0.030147 0.028758
0 0.187132 0.252288 0.028676 0.028758
0 0.172426 0.247712 0.028676 0.032680
0 0.206618 0.217647 0.032353 0.024837
0 0.097426 0.201307 0.025735 0.020915
0 0.042279 0.213725 0.031618 0.019608
0 0.016912 0.214379 0.030882 0.020915
0 0.059926 0.217647 0.027206 0.022222
0 0.562500 0.213072 0.023529 0.020915
0 0.587500 0.203268 0.016176 0.022222
0 0.705147 0.183007 0.016176 0.013072
