0 0.163542 0.440741 0.031250 0.033333
0 0.230729 0.424074 0.044792 0.033333
0 0.357812 0.498148 0.048958 0.037037
0 0.495833 0.325926 0.031250 0.029630
0 0.560417 0.435185 0.035417 0.033333
0 0.591146 0.405556 0.034375 0.029630
0 0.646875 0.390741 0.035417 0.029630
0 0.641146 0.372222 0.036458 0.022222
0 0.710417 0.389815 0.037500 0.031481
0 0.712500 0.372222 0.033333 0.022222
0 0.545312 0.315741 0.032292 0.020370
0 0.731250 0.286111 0.027083 0.020370
0 0.962500 0.445370 0.022917 0.053704
0 0.972396 0.274074 0.026042 0.022222
0 0.989062 0.279630 0.021875 0.022222
0 0.992708 0.265741 0.014583 0.024074
0 0.535937 0.332407 0.034375 0.035185
0 0.743750 0.275000 0.022917 0.027778
