0 0.047917 0.241204 0.042708 0.026852
0 0.054688 0.219907 0.053125 0.036111
0 0.115365 0.258333 0.025521 0.027778
0 0.167969 0.261574 0.026562 0.026852
0 0.239583 0.224074 0.028125 0.025926
0 0.258854 0.240278 0.017708 0.025000
0 0.260417 0.282407 0.020833 0.033333
0 0.182292 0.167593 0.008333 0.014815
0 0.235677 0.156019 0.011979 0.017593
0 0.238542 0.137963 0.010417 0.016667
0 0.312240 0.148148 0.010937 0.014815
0 0.311719 0.136574 0.010937 0.012037
0 0.293490 0.090278 0.007812 0.019444
0 0.261198 0.056944 0.007812 0.010185
0 0.275521 0.044907 0.005208 0.012037
0 0.274479 0.061574 0.006250 0.010185
0 0.432552 0.209259 0.027604 0.024074
0 0.391406 0.482407 0.023438 0.044444
0 0.081771 0.449074 0.041667 0.051852
0 0.457813 0.695370 0.011458 0.048148
0 0.095312 0.404630 0.034375 0.046296
0 0.043490 0.493056 0.047396 0.058333
0 0.017188 0.553241 0.034375 0.060185
0 0.905208 0.763426 0.082292 0.100926
