0 0.392448 0.549537 0.033854 0.089815
0 0.472656 0.453704 0.026562 0.046296
0 0.509635 0.298611 0.014063 0.026852
0 0.472917 0.298611 0.013542 0.019444
0 0.462760 0.258333 0.008854 0.012963
0 0.221354 0.201389 0.010417 0.008333
0 0.535156 0.275463 0.026562 0.013889
0 0.413802 0.217130 0.006771 0.008333
0 0.420833 0.217593 0.006250 0.009259
0 0.425000 0.224074 0.010417 0.009259
0 0.453125 0.221759 0.006250 0.010185
0 0.453906 0.215278 0.005729 0.008333
0 0.461979 0.206944 0.005208 0.008333
0 0.453906 0.205093 0.004687 0.006481
0 0.460156 0.204167 0.006771 0.006481
0 0.465625 0.200926 0.004167 0.005556
0 0.464583 0.199074 0.005208 0.005556
0 0.461458 0.195833 0.003125 0.004630
0 0.459375 0.190741 0.003125 0.005556
0 0.451302 0.196296 0.004687 0.005556
