0 0.460294 0.513725 0.072059 0.104575
0 0.376838 0.536601 0.068382 0.121569
0 0.577206 0.325490 0.035294 0.067974
0 0.488235 0.279085 0.035294 0.064052
0 0.418750 0.227451 0.030147 0.073203
0 0.402941 0.343137 0.039706 0.090196
0 0.517279 0.198039 0.025735 0.048366
0 0.509191 0.133987 0.022794 0.040523
0 0.458456 0.108497 0.025735 0.044444
0 0.406618 0.137908 0.025000 0.050980
0 0.368382 0.062092 0.023529 0.050980
0 0.364338 0.026797 0.019853 0.037908
0 0.121691 0.026797 0.037500 0.040523
0 0.094853 0.086928 0.054412 0.043137
0 0.078309 0.125490 0.061029 0.044444
0 0.751838 0.352941 0.066912 0.081046
0 0.265074 0.770588 0.069853 0.189542
0 0.311029 0.071895 0.019118 0.041830
0 0.359559 0.217647 0.017647 0.045752
0 0.433456 0.167320 0.022794 0.052288
0 0.041176 0.142484 0.025000 0.028758
