0 0.484896 0.631481 0.028125 0.048148
0 0.417187 0.564815 0.021875 0.048148
0 0.531250 0.553704 0.022917 0.033333
0 0.525000 0.521296 0.022917 0.031481
0 0.512500 0.494444 0.020833 0.037037
0 0.505729 0.474074 0.017708 0.025926
0 0.532292 0.465741 0.033333 0.024074
0 0.490625 0.520370 0.018750 0.037037
0 0.431771 0.499074 0.019792 0.031481
0 0.433333 0.470370 0.014583 0.029630
0 0.429167 0.440741 0.016667 0.033333
0 0.382812 0.543519 0.023958 0.064815
0 0.447917 0.408333 0.014583 0.024074
0 0.470833 0.370370 0.012500 0.018519
0 0.428125 0.361111 0.008333 0.022222
0 0.424479 0.340741 0.009375 0.014815
0 0.438021 0.325926 0.007292 0.011111
0 0.431771 0.313889 0.005208 0.012963
0 0.421354 0.315741 0.007292 0.012963
