0 0.568229 0.413889 0.017708 0.027778
0 0.602604 0.347222 0.015625 0.024074
0 0.601562 0.276852 0.011458 0.016667
0 0.621354 0.276852 0.013542 0.016667
0 0.584896 0.267593 0.011458 0.016667
0 0.607812 0.262963 0.011458 0.014815
0 0.497917 0.263889 0.014583 0.024074
0 0.443229 0.387037 0.015625 0.025926
0 0.456771 0.363889 0.017708 0.024074
0 0.469792 0.270370 0.014583 0.022222
0 0.477604 0.259259 0.015625 0.014815
0 0.524479 0.211111 0.015625 0.018519
0 0.531250 0.217593 0.010417 0.016667
0 0.608333 0.185185 0.008333 0.011111
0 0.627083 0.176852 0.008333 0.009259
0 0.683854 0.131481 0.007292 0.007407
0 0.705208 0.186111 0.008333 0.009259
0 0.702604 0.115741 0.007292 0.012963
0 0.707812 0.111111 0.005208 0.007407
