0 0.111071 0.791878 0.030714 0.058376
0 0.558929 0.091371 0.015000 0.027919
0 0.463929 0.149112 0.019286 0.029188
0 0.518214 0.202411 0.016429 0.031726
0 0.534286 0.251904 0.018571 0.034264
0 0.605714 0.276650 0.011429 0.038071
0 0.442500 0.340102 0.020714 0.038071
0 0.482500 0.303934 0.019286 0.046954
0 0.527857 0.356599 0.014286 0.040609
0 0.456429 0.723985 0.018571 0.064721
0 0.501786 0.578046 0.016429 0.057107
0 0.423214 0.515228 0.020714 0.053299
0 0.604286 0.485406 0.014286 0.044416
0 0.212500 0.694797 0.030714 0.062183
0 0.256429 0.428299 0.024286 0.039340
0 0.281786 0.701142 0.026429 0.059645
