0 0.882046 0.436920 0.016701 0.011132
0 0.886221 0.442486 0.017745 0.014842
0 0.891962 0.444805 0.020877 0.015770
0 0.907359 0.454082 0.020355 0.015770
0 0.911273 0.457328 0.016701 0.012987
0 0.912056 0.449443 0.018267 0.015770
0 0.908664 0.440631 0.011482 0.018553
0 0.891701 0.451763 0.017223 0.016698
0 0.934760 0.448980 0.022965 0.016698
0 0.927453 0.458256 0.016701 0.012987
0 0.935804 0.463358 0.024008 0.017625
0 0.900313 0.467532 0.018789 0.014842
0 0.905010 0.472635 0.024008 0.019481
0 0.911273 0.479592 0.020877 0.020408
0 0.915971 0.482839 0.015658 0.017625
0 0.926670 0.476345 0.019311 0.021336
0 0.936848 0.480519 0.019833 0.018553
0 0.968424 0.484230 0.025574 0.016698
0 0.975992 0.513915 0.024008 0.020408
