0 0.220250 0.764667 0.158500 0.114667
0 0.230500 0.694667 0.133000 0.093333
0 0.521750 0.892000 0.097500 0.216000
0 0.482500 0.595000 0.052000 0.103333
0 0.448750 0.363000 0.034500 0.058000
0 0.461000 0.314000 0.025000 0.030667
0 0.529000 0.272333 0.040000 0.028667
0 0.425000 0.176667 0.009000 0.012000
0 0.445000 0.166667 0.010000 0.010667
0 0.460250 0.175333 0.010500 0.017333
0 0.456500 0.166000 0.008000 0.012000
0 0.455000 0.160333 0.007000 0.010000
0 0.450750 0.157000 0.009500 0.011333
0 0.422250 0.149333 0.008500 0.010667
0 0.422000 0.136333 0.005000 0.007333
0 0.430500 0.133667 0.006000 0.007333
0 0.443750 0.137000 0.005500 0.007333
0 0.441000 0.132667 0.011000 0.006667
0 0.422500 0.129333 0.007000 0.009333
0 0.423000 0.125333 0.005000 0.008000
0 0.431500 0.123667 0.009000 0.007333
0 0.437500 0.128333 0.007000 0.010000
0 0.445000 0.127000 0.010000 0.006000
0 0.984250 0.399000 0.031500 0.036667
0 0.937250 0.584667 0.108500 0.088000
0 0.973000 0.641667 0.054000 0.094000
