0 0.100357 0.214286 0.045000 0.047619
0 0.365714 0.296190 0.024286 0.055238
0 0.421786 0.872381 0.049286 0.169524
0 0.278571 0.813810 0.047143 0.160952
0 0.045714 0.758571 0.087143 0.052381
0 0.148571 0.906667 0.047143 0.129524
0 0.088571 0.910000 0.058571 0.132381
0 0.035714 0.885238 0.071429 0.050476
0 0.026071 0.957143 0.052143 0.055238
0 0.043214 0.816667 0.086429 0.058095
0 0.928571 0.863810 0.138571 0.264762
0 0.848214 0.590000 0.039286 0.086667
0 0.837857 0.420952 0.027143 0.049524
0 0.858214 0.353333 0.029286 0.060952
0 0.802500 0.356190 0.027857 0.060952
0 0.623214 0.386667 0.069286 0.137143
0 0.357500 0.464762 0.027857 0.070476
0 0.476071 0.077143 0.075000 0.133333
0 0.566429 0.226190 0.038571 0.077143
0 0.804643 0.215238 0.060714 0.121905
