0 0.183571 0.565714 0.057143 0.123810
0 0.218214 0.275714 0.047857 0.109524
0 0.240357 0.156667 0.045000 0.098095
0 0.209643 0.446667 0.045000 0.095238
0 0.194643 0.016190 0.072143 0.032381
0 0.745357 0.960000 0.089286 0.080000
0 0.569643 0.926667 0.045000 0.146667
0 0.525000 0.578095 0.041429 0.123810
0 0.569643 0.570476 0.035000 0.099048
0 0.572500 0.753333 0.039286 0.133333
0 0.751429 0.653333 0.050000 0.114286
0 0.573929 0.277619 0.036429 0.103810
0 0.566429 0.054762 0.031429 0.086667
0 0.574643 0.437619 0.052143 0.109524
0 0.220000 0.914286 0.075714 0.154286
0 0.137857 0.913810 0.067143 0.160952
0 0.701786 0.534762 0.092143 0.067619
