0 0.364643 0.308095 0.033571 0.023810
0 0.463214 0.426667 0.020714 0.038095
0 0.446071 0.353333 0.016429 0.036190
0 0.449286 0.166190 0.011429 0.018095
0 0.424643 0.077143 0.007857 0.015238
0 0.489286 0.400000 0.018571 0.034286
0 0.616429 0.378571 0.022857 0.027619
0 0.328571 0.147143 0.022857 0.018095
0 0.358571 0.226190 0.024286 0.018095
0 0.443571 0.317619 0.014286 0.031429
0 0.454643 0.389048 0.019286 0.037143
0 0.463214 0.290476 0.010714 0.017143
0 0.452143 0.245714 0.014286 0.024762
0 0.457500 0.270000 0.013571 0.025714
0 0.491071 0.225714 0.022143 0.020952
