0 0.882250 0.884000 0.235500 0.232000
0 0.571000 0.611333 0.123000 0.142667
0 0.354750 0.458000 0.057500 0.080000
0 0.436750 0.370000 0.055500 0.052000
0 0.485500 0.405333 0.074000 0.060000
0 0.809500 0.447667 0.088000 0.075333
0 0.970500 0.492333 0.059000 0.059333
0 0.859250 0.383000 0.070500 0.058000
0 0.846500 0.360000 0.069000 0.050667
0 0.791500 0.341667 0.052000 0.039333
0 0.854750 0.311333 0.041500 0.041333
0 0.899000 0.300000 0.030000 0.033333
0 0.929500 0.277667 0.040000 0.039333
0 0.947500 0.266333 0.026000 0.030000
0 0.976750 0.252667 0.029500 0.028000
0 0.926750 0.222333 0.045500 0.020667
0 0.912250 0.198333 0.035500 0.016667
0 0.783250 0.272333 0.048500 0.027333
0 0.792250 0.263333 0.040500 0.029333
0 0.813500 0.260333 0.043000 0.030000
0 0.830250 0.257667 0.045500 0.026000
0 0.838500 0.245667 0.057000 0.038000
0 0.850000 0.243667 0.038000 0.031333
0 0.864250 0.237333 0.051500 0.033333
0 0.876000 0.235000 0.038000 0.024667
0 0.879250 0.232000 0.039500 0.018667
0 0.882000 0.224667 0.044000 0.022667
0 0.837000 0.218000 0.038000 0.024000
0 0.883750 0.201333 0.038500 0.017333
0 0.857250 0.191667 0.034500 0.015333
0 0.787750 0.211000 0.037500 0.020667
0 0.767000 0.179333 0.028000 0.014667
0 0.877500 0.153000 0.023000 0.012667
0 0.726500 0.137667 0.018000 0.010000
0 0.705750 0.136000 0.017500 0.009333
0 0.101000 0.528333 0.110000 0.075333
0 0.039250 0.472333 0.078500 0.080667
0 0.047250 0.437000 0.094500 0.064667
0 0.039750 0.420333 0.079500 0.055333
0 0.034000 0.394000 0.068000 0.042667
0 0.087000 0.368667 0.084000 0.041333
0 0.281000 0.203333 0.031000 0.014667
0 0.270500 0.196667 0.026000 0.017333
0 0.255750 0.160000 0.021500 0.010667
0 0.241750 0.156333 0.020500 0.010000
0 0.206500 0.174333 0.028000 0.012667
0 0.202250 0.172000 0.022500 0.010667
0 0.303000 0.167667 0.016000 0.016667
0 0.169250 0.176000 0.028500 0.012000
0 0.225000 0.151000 0.017000 0.008667
0 0.222000 0.149667 0.016000 0.008667
0 0.217000 0.149000 0.015000 0.008667
0 0.212750 0.149000 0.012500 0.008667
0 0.174000 0.143667 0.009000 0.007333
0 0.173750 0.136667 0.023500 0.016000
0 0.166250 0.134333 0.030500 0.018000
0 0.175750 0.158000 0.032500 0.022667
0 0.157750 0.174000 0.027500 0.021333
