0 0.405010 0.460111 0.011482 0.007421
0 0.435282 0.427180 0.007307 0.006494
0 0.438674 0.426716 0.005741 0.005566
0 0.563413 0.380334 0.003653 0.007421
0 0.575939 0.399351 0.006785 0.004638
0 0.555324 0.416512 0.007307 0.007421
0 0.555063 0.434601 0.004697 0.008349
0 0.544885 0.475881 0.006263 0.011132
0 0.543058 0.512523 0.014092 0.012059
0 0.537056 0.540816 0.013570 0.012987
0 0.537839 0.536178 0.013048 0.011132
0 0.526618 0.611781 0.016701 0.017625
0 0.502088 0.794991 0.026096 0.035250
0 0.479645 0.958256 0.037578 0.053803
0 0.622912 0.474026 0.012004 0.009276
0 0.788100 0.549165 0.019833 0.012987
