0 0.503571 0.972857 0.061429 0.054286
0 0.527857 0.955238 0.061429 0.081905
0 0.595357 0.982381 0.053571 0.035238
0 0.795357 0.874762 0.062143 0.090476
0 0.888214 0.668571 0.065000 0.083810
0 0.910000 0.696190 0.064286 0.083810
0 0.934286 0.407619 0.080000 0.076190
0 0.861786 0.190476 0.066429 0.072381
0 0.568571 0.180476 0.065714 0.069524
0 0.507143 0.497619 0.034286 0.090476
0 0.416429 0.448095 0.035714 0.096190
0 0.183571 0.131905 0.038571 0.069524
0 0.145000 0.040000 0.048571 0.080000
0 0.785000 0.979048 0.050000 0.041905
