0 0.827857 0.256667 0.010000 0.008571
0 0.892857 0.396667 0.017143 0.018095
0 0.693214 0.716190 0.036429 0.064762
0 0.699286 0.647619 0.030000 0.040000
0 0.417500 0.196667 0.006429 0.006667
0 0.352143 0.194286 0.005714 0.007619
0 0.341429 0.198095 0.005714 0.007619
0 0.326071 0.228095 0.006429 0.008571
0 0.340357 0.221429 0.006429 0.012381
0 0.375000 0.120952 0.004286 0.007619
0 0.404643 0.171429 0.005000 0.007619
0 0.392857 0.129048 0.004286 0.004762
0 0.158214 0.661429 0.035000 0.050476
0 0.447857 0.304762 0.010000 0.013333
0 0.128929 0.381429 0.026429 0.016190
0 0.144643 0.365238 0.019286 0.016190
0 0.185357 0.303810 0.020714 0.011429
0 0.160000 0.275714 0.011429 0.012381
0 0.086786 0.360952 0.029286 0.011429
0 0.095000 0.350476 0.022857 0.011429
0 0.206429 0.285238 0.021429 0.010476
0 0.209643 0.280952 0.019286 0.009524
0 0.195000 0.290000 0.018571 0.010476
0 0.177143 0.273810 0.010000 0.010476
0 0.080000 0.834762 0.042857 0.071429
0 0.262857 0.441429 0.012857 0.023810
0 0.162857 0.317619 0.020000 0.012381
