0 0.251000 0.793000 0.205000 0.203333
0 0.033750 0.603333 0.067500 0.109333
0 0.339500 0.261333 0.098000 0.082667
0 0.647250 0.208000 0.047500 0.070667
0 0.572000 0.171000 0.078000 0.063333
0 0.562000 0.216000 0.073000 0.064000
0 0.535250 0.240000 0.086500 0.060000
0 0.420250 0.166000 0.071500 0.061333
0 0.419500 0.140000 0.070000 0.054667
0 0.448250 0.074000 0.044500 0.046667
0 0.366500 0.128333 0.055000 0.050000
0 0.590250 0.052333 0.064500 0.043333
0 0.510250 0.042000 0.041500 0.042667
0 0.400750 0.028667 0.058500 0.048000
0 0.425500 0.016333 0.046000 0.032667
0 0.334000 0.067333 0.055000 0.044000
