0 0.317857 0.930000 0.078571 0.080952
0 0.336071 0.849524 0.067857 0.068571
0 0.352857 0.804286 0.062857 0.061905
0 0.380000 0.751905 0.054286 0.056190
0 0.409286 0.677619 0.061429 0.058095
0 0.436429 0.605714 0.031429 0.060952
0 0.326071 0.487143 0.040714 0.046667
0 0.308929 0.468095 0.039286 0.039048
0 0.293571 0.446190 0.038571 0.037143
0 0.425000 0.488095 0.027143 0.052381
0 0.277143 0.361429 0.031429 0.029524
0 0.335357 0.354762 0.046429 0.029524
0 0.411429 0.294762 0.017143 0.031429
0 0.470714 0.320476 0.018571 0.040952
0 0.478571 0.228571 0.021429 0.040000
0 0.523214 0.238095 0.016429 0.032381
0 0.510714 0.178095 0.014286 0.026667
0 0.540357 0.146667 0.015000 0.026667
0 0.555000 0.695714 0.030000 0.082857
0 0.681786 0.859524 0.050714 0.105714
0 0.746071 0.825238 0.050714 0.101905
0 0.792857 0.776190 0.055714 0.085714
0 0.706429 0.687619 0.047143 0.087619
0 0.751071 0.665238 0.045000 0.075238
0 0.628571 0.604762 0.035714 0.068571
0 0.718929 0.570476 0.040714 0.072381
0 0.610357 0.532857 0.030714 0.060000
0 0.592857 0.460952 0.028571 0.053333
0 0.576786 0.399524 0.029286 0.058095
0 0.664643 0.412857 0.030714 0.048571
0 0.603214 0.358571 0.023571 0.039048
0 0.648214 0.362857 0.026429 0.041905
0 0.619286 0.282857 0.022857 0.032381
0 0.597143 0.225714 0.020000 0.028571
0 0.506429 0.055238 0.011429 0.017143
0 0.524286 0.070476 0.012857 0.022857
0 0.617857 0.067619 0.020000 0.019048
0 0.840714 0.353333 0.032857 0.034286
0 0.816429 0.319048 0.034286 0.032381
0 0.663929 0.095238 0.016429 0.019048
0 0.672143 0.080476 0.017143 0.014286
0 0.640000 0.053333 0.011429 0.013333
0 0.636786 0.042857 0.010714 0.013333
