0 0.937000 0.930000 0.126000 0.101333
0 0.470750 0.774333 0.101500 0.080667
0 0.193500 0.812667 0.107000 0.073333
0 0.289000 0.704000 0.091000 0.076000
0 0.068250 0.653333 0.074500 0.068000
0 0.117250 0.521000 0.066500 0.051333
0 0.174500 0.542333 0.072000 0.051333
0 0.313000 0.487667 0.052000 0.050000
0 0.376000 0.549000 0.068000 0.039333
0 0.416750 0.582333 0.053500 0.066000
0 0.454000 0.587333 0.055000 0.062667
0 0.417250 0.486000 0.068500 0.042667
0 0.536500 0.485667 0.075000 0.042000
0 0.538000 0.459000 0.055000 0.034000
0 0.549500 0.440000 0.048000 0.037333
0 0.602000 0.431333 0.024000 0.044000
0 0.549250 0.405667 0.048500 0.040667
0 0.448750 0.407667 0.048500 0.038000
0 0.445250 0.387333 0.047500 0.034667
0 0.407500 0.381667 0.036000 0.039333
0 0.447500 0.327333 0.026000 0.034667
0 0.367000 0.326333 0.048000 0.031333
0 0.395250 0.290333 0.038500 0.023333
0 0.398000 0.277333 0.038000 0.022667
0 0.413250 0.269333 0.037500 0.025333
0 0.426500 0.261667 0.037000 0.022000
0 0.494250 0.272000 0.022500 0.034667
0 0.505250 0.253333 0.018500 0.026667
0 0.523750 0.231667 0.017500 0.022000
0 0.550000 0.226667 0.031000 0.022667
0 0.583000 0.227333 0.028000 0.026667
0 0.568000 0.219000 0.024000 0.019333
0 0.595250 0.209333 0.032500 0.021333
0 0.527750 0.191333 0.030500 0.017333
0 0.526250 0.178000 0.030500 0.018667
0 0.528500 0.185333 0.028000 0.012000
0 0.482750 0.167667 0.024500 0.014000
0 0.444750 0.163333 0.025500 0.013333
0 0.440000 0.240333 0.029000 0.022000
0 0.447000 0.231333 0.043000 0.026667
0 0.459250 0.223667 0.026500 0.020667
0 0.461750 0.217667 0.026500 0.015333
0 0.463000 0.208667 0.033000 0.018667
0 0.431250 0.208000 0.028500 0.022667
0 0.416500 0.189000 0.028000 0.018000
0 0.394250 0.202333 0.029500 0.018000
0 0.373000 0.155333 0.024000 0.013333
0 0.348250 0.200333 0.025500 0.019333
0 0.457000 0.102333 0.019000 0.011333
0 0.331250 0.086000 0.015500 0.009333
0 0.312000 0.084667 0.016000 0.009333
0 0.294000 0.083333 0.016000 0.008000
0 0.251000 0.080000 0.018000 0.009333
0 0.256500 0.188000 0.030000 0.014667
0 0.157500 0.160667 0.031000 0.017333
0 0.124250 0.136333 0.019500 0.014000
0 0.108000 0.087333 0.016000 0.009333
0 0.084750 0.151000 0.027500 0.022000
0 0.060500 0.129667 0.025000 0.015333
0 0.010500 0.103000 0.021000 0.010000
0 0.043750 0.101333 0.020500 0.012000
0 0.063500 0.098000 0.017000 0.010667
0 0.032250 0.097333 0.021500 0.012000
0 0.054000 0.089667 0.019000 0.010000
0 0.074500 0.086667 0.018000 0.012000
