0 0.747129 0.921150 0.040188 0.102041
0 0.757568 0.824212 0.032881 0.076994
0 0.789405 0.745362 0.050626 0.062152
0 0.656837 0.309369 0.015136 0.026902
0 0.649530 0.275974 0.012004 0.026902
0 0.643789 0.258813 0.013048 0.020408
0 0.633090 0.209184 0.011482 0.017625
0 0.631263 0.195733 0.018267 0.018553
0 0.626827 0.180891 0.010438 0.014842
0 0.613518 0.189703 0.007829 0.015770
0 0.561065 0.199907 0.009395 0.017625
0 0.549843 0.173006 0.008873 0.019481
0 0.557672 0.131725 0.007829 0.014842
0 0.557150 0.097866 0.007829 0.012059
0 0.551409 0.048701 0.005741 0.012059
0 0.560282 0.033859 0.005741 0.012059
0 0.555324 0.009276 0.005219 0.009276
