0 0.011786 0.318528 0.023571 0.063452
0 0.089286 0.192893 0.030000 0.053299
0 0.371071 0.251904 0.036429 0.044416
0 0.388571 0.291244 0.035714 0.041878
0 0.464286 0.328680 0.031429 0.032995
0 0.527143 0.455584 0.025714 0.053299
0 0.552500 0.404822 0.022143 0.055838
0 0.568214 0.415609 0.016429 0.044416
0 0.566786 0.489848 0.029286 0.060914
0 0.587143 0.493020 0.024286 0.064721
0 0.605000 0.504442 0.025714 0.069797
0 0.620357 0.529822 0.027857 0.059645
0 0.645714 0.574239 0.037143 0.041878
0 0.603929 0.433376 0.023571 0.057107
0 0.619643 0.444797 0.020714 0.054569
0 0.542500 0.640863 0.036429 0.043147
0 0.724286 0.562817 0.022857 0.057107
0 0.743929 0.436548 0.030714 0.030457
0 0.825357 0.614848 0.043571 0.062183
0 0.836786 0.649746 0.039286 0.050761
0 0.863929 0.680203 0.036429 0.063452
0 0.952143 0.739213 0.042857 0.054569
0 0.969286 0.820431 0.052857 0.064721
0 0.983571 0.782360 0.032857 0.057107
0 0.902857 0.879442 0.050000 0.055838
0 0.662500 0.299492 0.019286 0.055838
0 0.689643 0.279188 0.016429 0.043147
0 0.695714 0.239848 0.020000 0.045685
0 0.502857 0.215102 0.034286 0.034264
0 0.513571 0.163071 0.028571 0.024112
0 0.523214 0.128173 0.036429 0.032995
0 0.528214 0.114213 0.027857 0.020305
0 0.532500 0.078046 0.026429 0.029188
0 0.535000 0.061548 0.024286 0.024112
0 0.537857 0.051396 0.024286 0.019036
0 0.541786 0.041878 0.025000 0.022843
