0 0.495000 0.585714 0.008571 0.020952
0 0.503571 0.516190 0.008571 0.017143
0 0.510714 0.463810 0.008571 0.017143
0 0.501071 0.311905 0.010714 0.008571
0 0.502143 0.307143 0.008571 0.006667
0 0.501429 0.302381 0.008571 0.006667
0 0.503571 0.298571 0.010000 0.006667
0 0.504286 0.293810 0.010000 0.008571
0 0.503571 0.289524 0.010000 0.005714
0 0.504286 0.282857 0.008571 0.005714
0 0.504643 0.278571 0.007857 0.006667
0 0.508929 0.248571 0.009286 0.007619
0 0.510357 0.240952 0.009286 0.007619
0 0.510714 0.238095 0.008571 0.005714
0 0.511429 0.234762 0.008571 0.004762
0 0.511429 0.230476 0.010000 0.005714
0 0.510714 0.226667 0.010000 0.007619
0 0.512857 0.222381 0.007143 0.006667
0 0.578571 0.114286 0.004286 0.005714
0 0.587143 0.091905 0.004286 0.008571
0 0.637143 0.051905 0.002857 0.004762
0 0.643214 0.044286 0.003571 0.004762
0 0.673929 0.255238 0.005000 0.007619
0 0.685000 0.255238 0.007143 0.007619
0 0.621786 0.326190 0.005000 0.010476
0 0.628214 0.328095 0.005000 0.008571
0 0.634286 0.327619 0.004286 0.009524
0 0.641429 0.329048 0.005714 0.012381
0 0.647857 0.329524 0.005714 0.011429
0 0.655357 0.330000 0.006429 0.012381
0 0.661071 0.330476 0.005000 0.011429
0 0.667500 0.330476 0.005000 0.009524
0 0.184286 0.891429 0.018571 0.034286
