0 0.763214 0.759048 0.030714 0.041905
0 0.841071 0.887143 0.043571 0.054286
0 0.800000 0.817619 0.037143 0.046667
0 0.713571 0.671905 0.024286 0.029524
0 0.740714 0.711905 0.022857 0.033333
0 0.436429 0.584762 0.025714 0.020952
0 0.399286 0.498095 0.022857 0.017143
0 0.288929 0.541905 0.020714 0.015238
0 0.541071 0.373333 0.005000 0.009524
0 0.587143 0.373333 0.010000 0.007619
0 0.560714 0.323810 0.011429 0.007619
0 0.688571 0.406190 0.011429 0.012381
0 0.695000 0.406667 0.010000 0.009524
0 0.704643 0.406190 0.009286 0.008571
0 0.712143 0.404286 0.011429 0.010476
0 0.755000 0.427143 0.015714 0.008571
0 0.726429 0.431905 0.017143 0.008571
0 0.681786 0.416667 0.006429 0.010476
0 0.692500 0.417619 0.006429 0.012381
0 0.702500 0.420476 0.007857 0.010476
0 0.726786 0.420476 0.009286 0.008571
0 0.725714 0.400476 0.011429 0.012381
0 0.722143 0.403333 0.010000 0.010476
0 0.751429 0.434286 0.012857 0.009524
0 0.686786 0.452381 0.016429 0.011429
0 0.799286 0.428095 0.012857 0.010476
0 0.790714 0.423333 0.014286 0.010476
0 0.672143 0.417619 0.008571 0.010476
0 0.661786 0.416667 0.007857 0.008571
0 0.616429 0.408571 0.010000 0.009524
0 0.602143 0.399048 0.012857 0.009524
0 0.575714 0.392857 0.012857 0.006667
0 0.612500 0.394286 0.013571 0.007619
0 0.737857 0.404762 0.011429 0.009524
0 0.803571 0.642381 0.018571 0.023810
