0 0.103250 0.028667 0.035500 0.034667
0 0.081500 0.064000 0.044000 0.045333
0 0.063500 0.098667 0.045000 0.041333
0 0.021750 0.127333 0.043500 0.052000
0 0.195000 0.019333 0.027000 0.038667
0 0.179000 0.042333 0.029000 0.040667
0 0.170500 0.077667 0.035000 0.050000
0 0.183500 0.108667 0.080000 0.037333
0 0.185250 0.136000 0.082500 0.044000
0 0.181000 0.158333 0.082000 0.044667
0 0.248500 0.092333 0.080000 0.044667
0 0.176500 0.210333 0.111000 0.063333
0 0.181250 0.286667 0.084500 0.085333
0 0.068000 0.356000 0.085000 0.094667
0 0.587000 0.585000 0.120000 0.214000
0 0.438250 0.277667 0.048500 0.099333
0 0.573000 0.189667 0.056000 0.087333
0 0.612750 0.248333 0.078500 0.083333
