0 0.087857 0.109048 0.051429 0.067619
0 0.234643 0.194762 0.063571 0.071429
0 0.267857 0.296667 0.061429 0.075238
0 0.190357 0.227143 0.062143 0.071429
0 0.731429 0.080476 0.051429 0.071429
0 0.631429 0.076190 0.051429 0.070476
0 0.685714 0.399048 0.061429 0.080000
0 0.562857 0.325714 0.055714 0.081905
0 0.706786 0.225238 0.055000 0.075238
0 0.802857 0.800952 0.090000 0.102857
0 0.790357 0.893810 0.087857 0.107619
0 0.692143 0.796667 0.074286 0.082857
0 0.403214 0.846190 0.073571 0.115238
0 0.444643 0.912381 0.055000 0.081905
0 0.486071 0.579524 0.062143 0.094286
0 0.408214 0.581429 0.059286 0.094286
0 0.220357 0.884762 0.076429 0.112381
0 0.052500 0.945238 0.089286 0.109524
