0 0.495000 0.040000 0.017143 0.024762
0 0.500357 0.069048 0.016429 0.023810
0 0.507857 0.098571 0.017143 0.027619
0 0.512500 0.127143 0.016429 0.031429
0 0.450357 0.090476 0.016429 0.028571
0 0.479643 0.232381 0.019286 0.036190
0 0.201429 0.872381 0.078571 0.049524
0 0.591786 0.548571 0.033571 0.059048
0 0.574643 0.486667 0.027857 0.055238
0 0.565714 0.429524 0.025714 0.043810
0 0.555714 0.367143 0.030000 0.048571
0 0.535000 0.264286 0.021429 0.037143
0 0.531429 0.224762 0.022857 0.036190
0 0.381071 0.332857 0.020714 0.048571
0 0.383571 0.382857 0.018571 0.047619
0 0.381786 0.449524 0.023571 0.060952
0 0.383571 0.517619 0.025714 0.065714
