0 0.846033 0.058442 0.017745 0.024119
0 0.852818 0.039425 0.024008 0.019481
0 0.867432 0.022263 0.015658 0.020408
0 0.877610 0.008349 0.015136 0.016698
0 0.800365 0.048237 0.013048 0.027829
0 0.789666 0.063080 0.017745 0.029685
0 0.828288 0.006957 0.016701 0.013915
0 0.809760 0.035250 0.016180 0.025974
0 0.798539 0.230983 0.028184 0.035250
0 0.781837 0.252783 0.030271 0.032468
0 0.771399 0.274583 0.035491 0.038961
0 0.753392 0.314471 0.030793 0.042672
0 0.697547 0.218924 0.023486 0.035250
0 0.754175 0.128015 0.018789 0.029685
0 0.662578 0.272263 0.025574 0.043599
0 0.608820 0.432282 0.030793 0.051948
0 0.585073 0.575139 0.034447 0.059369
0 0.378653 0.515306 0.034969 0.058442
0 0.210595 0.734694 0.051670 0.074212
0 0.183194 0.918831 0.057411 0.088126
0 0.074374 0.891466 0.055846 0.087199
