0 0.482143 0.298858 0.028571 0.046954
0 0.501071 0.257614 0.027857 0.048223
0 0.578571 0.166244 0.022857 0.030457
0 0.873571 0.897208 0.045714 0.157360
0 0.922500 0.426396 0.045000 0.078680
0 0.524286 0.210660 0.027143 0.038071
0 0.550357 0.163071 0.023571 0.031726
0 0.251071 0.649112 0.050714 0.074873
0 0.081071 0.904188 0.087857 0.133249
0 0.933214 0.364213 0.049286 0.083756
0 0.961786 0.442893 0.042143 0.093909
0 0.969286 0.381980 0.048571 0.073604
0 0.988214 0.357234 0.023571 0.046954
0 0.970714 0.042513 0.045714 0.039340
0 0.779643 0.041244 0.045000 0.034264
0 0.920357 0.041878 0.040714 0.038071
0 0.578571 0.420051 0.030000 0.050761
