0 0.010357 0.366117 0.020714 0.026650
0 0.055714 0.343274 0.020000 0.036802
0 0.100357 0.411168 0.029286 0.025381
0 0.020714 0.530457 0.018571 0.040609
0 0.058214 0.547589 0.022143 0.044416
0 0.268571 0.355330 0.012857 0.038071
0 0.041429 0.536168 0.022857 0.049492
0 0.075714 0.494289 0.024286 0.044416
0 0.088929 0.503807 0.020714 0.045685
0 0.098214 0.518401 0.023571 0.041878
0 0.061429 0.484772 0.021429 0.038071
0 0.528929 0.121193 0.022143 0.034264
0 0.590000 0.574239 0.037143 0.039340
0 0.615000 0.340736 0.024286 0.026650
0 0.581071 0.116117 0.015000 0.041878
0 0.583214 0.144670 0.023571 0.025381
0 0.586071 0.160533 0.022143 0.024112
0 0.587500 0.175761 0.022143 0.024112
0 0.590714 0.190990 0.022857 0.024112
0 0.591429 0.208122 0.027143 0.025381
0 0.594643 0.223350 0.025000 0.025381
0 0.598214 0.238579 0.025000 0.025381
0 0.600000 0.254442 0.025714 0.024112
0 0.602500 0.272843 0.026429 0.025381
0 0.606786 0.287437 0.025000 0.026650
0 0.912500 0.255076 0.022143 0.032995
0 0.856071 0.110406 0.019286 0.030457
0 0.850357 0.171320 0.019286 0.032995
0 0.858929 0.185279 0.016429 0.025381
0 0.946786 0.199239 0.019286 0.027919
0 0.968571 0.227157 0.024286 0.038071
0 0.957857 0.211929 0.022857 0.035533
