0 0.093946 0.507421 0.037578 0.044527
0 0.092902 0.485158 0.056367 0.037106
0 0.120825 0.455473 0.058977 0.046382
0 0.126827 0.429035 0.061587 0.054731
0 0.054802 0.413729 0.052192 0.040816
0 0.026357 0.441558 0.052714 0.046382
0 0.018789 0.465677 0.037578 0.038961
0 0.214509 0.238868 0.030271 0.025046
0 0.372129 0.186920 0.029228 0.023191
0 0.414144 0.098794 0.022443 0.021336
0 0.417797 0.094620 0.019311 0.018553
0 0.423278 0.090445 0.016701 0.019481
0 0.477557 0.147032 0.012526 0.019481
0 0.478601 0.199443 0.021921 0.031540
0 0.503653 0.196660 0.021921 0.037106
0 0.497129 0.275974 0.040188 0.026902
0 0.750261 0.227273 0.036013 0.027829
0 0.762787 0.288497 0.046451 0.029685
0 0.801670 0.225881 0.036534 0.026902
0 0.815762 0.285714 0.036534 0.031540
0 0.875783 0.216141 0.030271 0.031540
0 0.928497 0.202226 0.025052 0.025974
0 0.946503 0.279685 0.036013 0.034323
0 0.596555 0.347866 0.032359 0.035250
0 0.604645 0.401670 0.043319 0.038961
0 0.554280 0.723562 0.039666 0.098330
0 0.454854 0.452690 0.024530 0.064935
