0 0.151071 0.379524 0.077857 0.082857
0 0.625714 0.555714 0.214286 0.174286
0 0.531429 0.395714 0.112857 0.082857
0 0.411786 0.343333 0.086429 0.063810
0 0.341786 0.301429 0.066429 0.073333
0 0.280357 0.264762 0.073571 0.089524
0 0.227143 0.262381 0.045714 0.044762
0 0.171071 0.231429 0.036429 0.036190
0 0.146786 0.214286 0.029286 0.028571
0 0.109286 0.198095 0.021429 0.026667
0 0.128214 0.207143 0.023571 0.025714
0 0.093929 0.188571 0.017857 0.028571
0 0.036786 0.137619 0.015000 0.016190
0 0.071786 0.148571 0.017857 0.011429
0 0.200000 0.211905 0.040000 0.029524
0 0.402857 0.237143 0.047143 0.034286
0 0.510357 0.304286 0.072143 0.048571
0 0.568929 0.362857 0.109286 0.060952
0 0.205714 0.175238 0.015714 0.017143
0 0.147143 0.157143 0.012857 0.013333
0 0.159643 0.163333 0.012143 0.018095
0 0.171786 0.166190 0.013571 0.020000
