0 0.116786 0.040952 0.039286 0.017143
0 0.105357 0.049524 0.037857 0.022857
0 0.197500 0.118095 0.036429 0.026667
0 0.175357 0.143810 0.046429 0.028571
0 0.159286 0.170952 0.040000 0.023810
0 0.150357 0.187619 0.050714 0.024762
0 0.143929 0.204286 0.052143 0.027619
0 0.297500 0.044286 0.036429 0.020000
0 0.312857 0.087143 0.037143 0.025714
0 0.348929 0.180952 0.023571 0.041905
0 0.100000 0.459048 0.075714 0.041905
0 0.042143 0.578571 0.084286 0.044762
0 0.033571 0.618571 0.067143 0.048571
0 0.025714 0.667619 0.051429 0.049524
0 0.244286 0.571429 0.042857 0.081905
0 0.307857 0.464762 0.034286 0.068571
0 0.485714 0.052857 0.015714 0.029524
0 0.513929 0.047143 0.015000 0.023810
0 0.516429 0.071429 0.015714 0.030476
0 0.482857 0.103333 0.017143 0.031429
0 0.506786 0.106190 0.015000 0.029524
0 0.512143 0.136667 0.017143 0.035238
0 0.477143 0.146190 0.017143 0.031429
0 0.479286 0.186667 0.020000 0.038095
0 0.551786 0.180000 0.017857 0.036190
0 0.557143 0.279048 0.022857 0.047619
0 0.471429 0.277143 0.020000 0.045714
0 0.469643 0.332857 0.022143 0.054286
0 0.557857 0.345238 0.022857 0.050476
0 0.521786 0.405238 0.023571 0.058095
0 0.466786 0.389048 0.025000 0.060000
0 0.463571 0.458095 0.027143 0.074286
0 0.566429 0.464286 0.030000 0.069524
0 0.519286 0.530000 0.028571 0.084762
0 0.581786 0.663333 0.035000 0.092381
0 0.592500 0.029524 0.015000 0.024762
0 0.879643 0.219048 0.029286 0.040000
0 0.841071 0.177619 0.033571 0.027619
0 0.900000 0.347619 0.042857 0.053333
0 0.882143 0.386190 0.042857 0.050476
