0 0.176148 0.661874 0.072547 0.049165
0 0.700678 0.674861 0.073591 0.052876
0 0.693372 0.633117 0.055846 0.045455
0 0.689457 0.608534 0.062630 0.046382
0 0.563935 0.449907 0.028706 0.033395
0 0.587422 0.432282 0.019311 0.027829
0 0.599165 0.325139 0.017745 0.021336
0 0.566023 0.333024 0.025574 0.016698
0 0.578288 0.326531 0.022965 0.014842
0 0.574635 0.319573 0.018789 0.017625
0 0.579071 0.310761 0.019311 0.014842
0 0.590814 0.307050 0.013570 0.016698
0 0.693633 0.333952 0.025052 0.018553
