0 0.008571 0.131345 0.017143 0.013959
0 0.009286 0.118020 0.018571 0.015228
0 0.013571 0.103426 0.017143 0.013959
0 0.016071 0.090102 0.016429 0.015228
0 0.017500 0.074873 0.015000 0.017766
0 0.024643 0.237944 0.016429 0.013959
0 0.018214 0.267766 0.017857 0.012690
0 0.020000 0.253173 0.015714 0.011421
0 0.009286 0.303934 0.017143 0.013959
0 0.051786 0.215102 0.012143 0.026650
0 0.067857 0.217005 0.010000 0.025381
0 0.076786 0.218909 0.010714 0.026650
0 0.085714 0.219543 0.011429 0.025381
0 0.095000 0.223350 0.010000 0.022843
0 0.103571 0.224619 0.011429 0.025381
0 0.113214 0.225888 0.010714 0.025381
0 0.122857 0.227157 0.012857 0.025381
0 0.130714 0.229695 0.010000 0.025381
0 0.140000 0.231599 0.011429 0.024112
0 0.007143 0.322335 0.014286 0.015228
0 0.006071 0.337563 0.012143 0.012690
0 0.004643 0.351523 0.009286 0.012690
0 0.308929 0.475888 0.022143 0.020305
0 0.005000 0.698604 0.010000 0.016497
0 0.280714 0.766497 0.028571 0.022843
0 0.429286 0.031091 0.008571 0.026650
0 0.418929 0.116751 0.007857 0.025381
0 0.432500 0.008249 0.006429 0.016497
0 0.444643 0.402284 0.017857 0.020305
0 0.363571 0.737944 0.012857 0.019036
0 0.474286 0.546320 0.020000 0.019036
0 0.588214 0.322335 0.015000 0.017766
0 0.638571 0.446066 0.017143 0.016497
0 0.641071 0.619289 0.017857 0.020305
0 0.706071 0.467005 0.019286 0.012690
0 0.948571 0.550761 0.024286 0.022843
0 0.939286 0.377538 0.022857 0.029188
