0 0.088205 0.741187 0.063674 0.055659
0 0.158142 0.578386 0.056367 0.043599
0 0.168841 0.447124 0.021399 0.050093
0 0.199635 0.406772 0.022443 0.041744
0 0.183977 0.313080 0.030793 0.028757
0 0.223643 0.279685 0.014092 0.026902
0 0.225992 0.243970 0.020877 0.020408
0 0.275052 0.192486 0.010438 0.015770
0 0.275052 0.182746 0.018789 0.012987
0 0.730689 0.940167 0.065762 0.117811
0 0.689457 0.728200 0.042797 0.072356
0 0.682933 0.640538 0.040188 0.062152
0 0.490866 0.213822 0.014092 0.019481
0 0.448330 0.132189 0.007307 0.013915
0 0.422234 0.292672 0.013570 0.021336
0 0.418841 0.225881 0.009916 0.019481
0 0.391180 0.147032 0.005741 0.012059
0 0.409447 0.141002 0.006785 0.011132
0 0.406837 0.128942 0.005741 0.009276
0 0.405271 0.119666 0.005741 0.009276
0 0.402662 0.069109 0.004697 0.008349
0 0.439457 0.096475 0.005219 0.009276
0 0.407881 0.051020 0.004697 0.005566
0 0.764092 0.406772 0.026096 0.030612
