0 0.574000 0.684667 0.043000 0.089333
0 0.495000 0.533667 0.030000 0.059333
0 0.403750 0.510667 0.069500 0.050667
0 0.445500 0.460667 0.027000 0.049333
0 0.402000 0.373333 0.023000 0.036000
0 0.445000 0.326667 0.018000 0.029333
0 0.496250 0.296333 0.015500 0.020667
0 0.445750 0.304000 0.016500 0.025333
0 0.469000 0.264667 0.014000 0.021333
0 0.450000 0.172000 0.009000 0.012000
0 0.418000 0.252000 0.013000 0.024000
0 0.418750 0.229000 0.012500 0.022000
0 0.426000 0.211000 0.011000 0.019333
0 0.417250 0.202000 0.021500 0.018667
0 0.410750 0.194000 0.019500 0.016000
0 0.397500 0.186333 0.022000 0.012667
0 0.377500 0.196667 0.020000 0.012000
0 0.370500 0.189667 0.021000 0.012667
0 0.512500 0.182667 0.023000 0.012000
0 0.541250 0.186333 0.013500 0.012667
0 0.512500 0.245333 0.012000 0.021333
0 0.502500 0.221000 0.018000 0.018000
0 0.455500 0.154000 0.009000 0.012000
0 0.475250 0.148667 0.008500 0.009333
