0 0.256071 0.059645 0.015000 0.025381
0 0.286429 0.063452 0.014286 0.025381
0 0.240357 0.126269 0.017857 0.026650
0 0.243929 0.161802 0.017857 0.029188
0 0.455714 0.312817 0.031429 0.026650
0 0.450714 0.331853 0.028571 0.026650
0 0.445714 0.371827 0.032857 0.030457
0 0.429643 0.641497 0.037857 0.036802
0 0.475000 0.653553 0.037143 0.038071
0 0.526071 0.666244 0.036429 0.035533
0 0.560714 0.336294 0.031429 0.025381
0 0.567143 0.313452 0.032857 0.030457
0 0.573214 0.299492 0.025000 0.027919
