0 0.197143 0.558571 0.074286 0.160952
0 0.257500 0.340000 0.049286 0.091429
0 0.281429 0.253333 0.042857 0.072381
0 0.312857 0.131429 0.035714 0.057143
0 0.294286 0.199048 0.037143 0.055238
0 0.336786 0.046190 0.025000 0.037143
0 0.353214 0.015714 0.020714 0.029524
0 0.442500 0.120000 0.023571 0.040000
0 0.529643 0.220000 0.032143 0.045714
0 0.537500 0.107143 0.043571 0.031429
0 0.557857 0.123810 0.054286 0.040000
0 0.548214 0.300000 0.035000 0.059048
0 0.564643 0.413333 0.045000 0.081905
0 0.581786 0.593333 0.056429 0.129524
