0 0.060000 0.484772 0.037143 0.058376
0 0.103571 0.500000 0.035714 0.055838
0 0.118571 0.513325 0.032857 0.062183
0 0.138571 0.520305 0.034286 0.060914
0 0.067500 0.704315 0.036429 0.040609
0 0.152857 0.772208 0.037143 0.057107
0 0.360357 0.629442 0.025000 0.065990
0 0.467500 0.077411 0.013571 0.035533
0 0.729286 0.542513 0.037143 0.036802
0 0.725714 0.574873 0.034286 0.035533
0 0.725357 0.641497 0.039286 0.041878
0 0.866786 0.543147 0.032143 0.035533
0 0.863571 0.567893 0.042857 0.041878
0 0.856786 0.600888 0.039286 0.034264
