0 0.439286 0.749365 0.060000 0.092640
0 0.509643 0.932107 0.060714 0.102792
0 0.373214 0.729061 0.055000 0.087563
0 0.316071 0.584391 0.046429 0.069797
0 0.201429 0.697970 0.040000 0.065990
0 0.066429 0.410533 0.027143 0.057107
0 0.050357 0.269036 0.033571 0.050761
0 0.322857 0.463832 0.030000 0.044416
0 0.123929 0.173858 0.027857 0.040609
0 0.090000 0.074239 0.017143 0.036802
0 0.107857 0.646574 0.028571 0.046954
0 0.080000 0.605330 0.027143 0.045685
0 0.047857 0.555203 0.030000 0.044416
0 0.979643 0.159264 0.032143 0.041878
0 0.931071 0.116751 0.033571 0.027919
0 0.936429 0.141497 0.032857 0.039340
