0 0.535000 0.911905 0.027143 0.082857
0 0.477500 0.823810 0.023571 0.064762
0 0.506071 0.802857 0.022143 0.076190
0 0.471071 0.719048 0.022143 0.057143
0 0.528929 0.610000 0.020714 0.050476
0 0.464643 0.458095 0.016429 0.036190
0 0.523214 0.552381 0.019286 0.045714
0 0.467143 0.499048 0.017143 0.041905
0 0.517500 0.511905 0.017857 0.037143
0 0.511071 0.430476 0.012143 0.028571
0 0.505000 0.390000 0.015714 0.033333
0 0.445000 0.225714 0.011429 0.022857
0 0.455714 0.205714 0.010000 0.022857
0 0.471786 0.155238 0.010714 0.019048
0 0.438214 0.061905 0.006429 0.015238
0 0.460000 0.080952 0.012857 0.011429
0 0.427857 0.294286 0.028571 0.017143
0 0.426786 0.280952 0.026429 0.017143
0 0.426786 0.270952 0.026429 0.014286
0 0.427143 0.261905 0.025714 0.011429
0 0.439286 0.048571 0.007143 0.011429
0 0.437857 0.019524 0.007143 0.014286
0 0.458214 0.010000 0.006429 0.010476
0 0.466786 0.100952 0.007857 0.011429
0 0.433214 0.359048 0.026429 0.019048
0 0.428214 0.324762 0.030714 0.017143
0 0.553571 0.816667 0.027143 0.073333
0 0.502143 0.705714 0.020000 0.057143
0 0.428214 0.250952 0.026429 0.014286
0 0.424286 0.228095 0.020000 0.016190
0 0.458214 0.025238 0.006429 0.014286
0 0.440000 0.099524 0.007143 0.016190
