0 0.373173 0.162801 0.026096 0.023191
0 0.438935 0.046846 0.010438 0.017625
0 0.448069 0.025046 0.008873 0.016698
0 0.494259 0.052412 0.009395 0.015770
0 0.493476 0.097403 0.010960 0.018553
0 0.507829 0.074675 0.010438 0.019481
0 0.512526 0.166512 0.016701 0.025046
0 0.530010 0.093228 0.009916 0.019481
0 0.513048 0.014378 0.006263 0.013915
0 0.454071 0.004638 0.002088 0.009276
0 0.568372 0.299165 0.019833 0.036178
0 0.581942 0.630798 0.036534 0.087199
0 0.524269 0.627551 0.036013 0.099258
0 0.677975 0.939239 0.056367 0.119666
0 0.920407 0.631262 0.069415 0.069573
0 0.894572 0.541280 0.059499 0.045455
0 0.872651 0.505102 0.070981 0.051020
0 0.859342 0.459647 0.033925 0.030612
0 0.791232 0.457792 0.037578 0.060297
0 0.695720 0.224490 0.035491 0.025974
0 0.689196 0.207328 0.033925 0.023191
0 0.686065 0.190167 0.036013 0.033395
0 0.691545 0.183673 0.030271 0.022263
0 0.764875 0.352041 0.049582 0.034323
0 0.568372 0.031076 0.007307 0.012059
