0 0.428571 0.699873 0.064286 0.133249
0 0.269286 0.579315 0.050000 0.100254
0 0.220357 0.310914 0.030714 0.063452
0 0.167500 0.763325 0.060714 0.077411
0 0.124643 0.088832 0.022143 0.035533
0 0.304643 0.256980 0.036429 0.067259
0 0.250000 0.222081 0.031429 0.055838
0 0.205357 0.092640 0.026429 0.048223
0 0.203571 0.048858 0.020000 0.034264
0 0.389643 0.294416 0.027857 0.045685
0 0.095714 0.133883 0.014286 0.024112
0 0.100714 0.157995 0.015714 0.029188
0 0.105714 0.184010 0.015714 0.025381
0 0.110714 0.211929 0.014286 0.027919
0 0.117143 0.241117 0.015714 0.027919
0 0.125000 0.274112 0.017143 0.027919
0 0.266071 0.057741 0.027857 0.044416
0 0.293214 0.079949 0.016429 0.030457
0 0.378929 0.328046 0.023571 0.049492
