0 0.469729 0.262987 0.018789 0.036178
0 0.531576 0.247681 0.026618 0.025974
0 0.491649 0.367811 0.041754 0.026902
0 0.487735 0.491187 0.040188 0.041744
0 0.480689 0.523191 0.048017 0.042672
0 0.474426 0.557978 0.050104 0.041744
0 0.470511 0.591837 0.056889 0.046382
0 0.444676 0.668831 0.059499 0.048237
0 0.772965 0.692022 0.066806 0.048237
0 0.669624 0.557514 0.027140 0.059369
0 0.665971 0.147032 0.019833 0.019481
0 0.660230 0.140074 0.017745 0.016698
0 0.659969 0.134045 0.021399 0.015770
0 0.659969 0.129870 0.022443 0.014842
0 0.656837 0.106215 0.016180 0.019481
0 0.586378 0.114100 0.009916 0.016698
