0 0.499286 0.829949 0.025714 0.106599
0 0.456429 0.704949 0.024286 0.100254
0 0.308929 0.854061 0.032143 0.096447
0 0.536786 0.526650 0.022143 0.083756
0 0.499643 0.492386 0.020714 0.063452
0 0.354643 0.426396 0.023571 0.058376
0 0.393571 0.352157 0.020000 0.049492
0 0.497500 0.257614 0.019286 0.050761
0 0.434286 0.166244 0.017143 0.040609
0 0.375357 0.228426 0.020714 0.040609
0 0.399286 0.011421 0.012857 0.022843
0 0.088214 0.468274 0.040714 0.038071
0 0.250714 0.061548 0.011429 0.034264
0 0.319286 0.012056 0.018571 0.016497
0 0.178929 0.077411 0.013571 0.025381
0 0.255714 0.042513 0.012857 0.029188
