0 0.393006 0.827922 0.053236 0.069573
0 0.949374 0.955473 0.036534 0.087199
0 0.836378 0.854824 0.045407 0.084416
0 0.674582 0.762987 0.032881 0.065863
0 0.612213 0.668831 0.039666 0.063080
0 0.583768 0.740260 0.031837 0.068646
0 0.487735 0.622913 0.032881 0.054731
0 0.473904 0.576994 0.036534 0.046382
0 0.395094 0.509276 0.039666 0.042672
0 0.267223 0.454545 0.030271 0.046382
0 0.287578 0.423006 0.033403 0.037106
0 0.254175 0.386364 0.031315 0.038033
0 0.175626 0.562152 0.071503 0.081633
0 0.131524 0.509740 0.063674 0.054731
0 0.148747 0.302876 0.028184 0.026902
0 0.078810 0.259740 0.026096 0.024119
0 0.060021 0.228200 0.027140 0.020408
