0 0.043250 0.500667 0.053500 0.037333
0 0.084000 0.476333 0.046000 0.038000
0 0.104750 0.484667 0.043500 0.034667
0 0.117750 0.460000 0.035500 0.026667
0 0.115000 0.496000 0.040000 0.041333
0 0.080750 0.705000 0.094500 0.067333
0 0.145000 0.642667 0.084000 0.062667
0 0.236500 0.579333 0.049000 0.052000
0 0.133250 0.801667 0.021500 0.052667
0 0.438000 0.666667 0.075000 0.074667
0 0.486500 0.634000 0.069000 0.058667
0 0.921000 0.606333 0.086000 0.047333
0 0.822000 0.586667 0.082000 0.052000
0 0.508250 0.400333 0.031500 0.027333
0 0.537000 0.384667 0.025000 0.024000
