0 0.401786 0.345812 0.015000 0.029188
0 0.433571 0.434645 0.017143 0.044416
0 0.460000 0.457487 0.020000 0.044416
0 0.432143 0.180838 0.012857 0.021574
0 0.431071 0.140228 0.010714 0.021574
0 0.447143 0.132614 0.010000 0.021574
0 0.446429 0.097716 0.008571 0.017766
0 0.422857 0.061548 0.008571 0.019036
0 0.442500 0.897208 0.029286 0.091371
0 0.513214 0.609772 0.017857 0.064721
0 0.521071 0.329315 0.013571 0.029188
0 0.495357 0.324873 0.012143 0.025381
0 0.485000 0.276650 0.011429 0.022843
0 0.473571 0.170051 0.007143 0.017766
0 0.466786 0.140863 0.012143 0.017766
