0 0.169286 0.055238 0.035714 0.022857
0 0.314286 0.031905 0.032857 0.021905
0 0.452500 0.984286 0.060714 0.029524
0 0.863929 0.888095 0.096429 0.117143
0 0.745000 0.716667 0.058571 0.065714
0 0.974643 0.652857 0.050714 0.075238
0 0.770714 0.124286 0.030000 0.037143
0 0.847143 0.102857 0.028571 0.032381
0 0.982500 0.132857 0.035000 0.027619
0 0.991429 0.128095 0.017143 0.027619
0 0.943929 0.146667 0.045000 0.041905
0 0.887857 0.084762 0.038571 0.038095
0 0.913214 0.075238 0.029286 0.032381
0 0.900357 0.084762 0.032143 0.028571
0 0.938214 0.073333 0.035000 0.028571
0 0.958929 0.060000 0.032143 0.028571
0 0.992857 0.037619 0.014286 0.023810
