0 0.650250 0.710333 0.079500 0.134000
0 0.576750 0.531333 0.061500 0.086667
0 0.479500 0.403667 0.037000 0.064667
0 0.464500 0.263333 0.040000 0.050667
0 0.421500 0.171000 0.033000 0.039333
0 0.399750 0.127667 0.031500 0.036667
0 0.386250 0.089667 0.025500 0.031333
0 0.380250 0.064000 0.023500 0.025333
0 0.063250 0.088667 0.030500 0.046667
0 0.069500 0.047000 0.027000 0.047333
0 0.080750 0.024667 0.021500 0.037333
0 0.089250 0.012333 0.022500 0.023333
0 0.022750 0.214000 0.037500 0.048000
0 0.012750 0.265000 0.025500 0.074000
0 0.502500 0.323000 0.047000 0.072667
