0 0.645000 0.539048 0.031429 0.047619
0 0.407143 0.810000 0.065714 0.073333
0 0.730357 0.272857 0.012143 0.018095
0 0.532143 0.179048 0.011429 0.013333
0 0.546429 0.159048 0.011429 0.011429
0 0.784643 0.104762 0.007857 0.009524
0 0.808929 0.081905 0.010714 0.005714
0 0.858214 0.075238 0.006429 0.005714
0 0.836429 0.088095 0.007143 0.006667
0 0.944643 0.230000 0.020714 0.012381
0 0.950357 0.249048 0.019286 0.010476
0 0.954286 0.259048 0.022857 0.009524
0 0.958571 0.267619 0.022857 0.011429
0 0.963214 0.279048 0.026429 0.009524
0 0.941071 0.216667 0.020714 0.012381
0 0.937857 0.210476 0.020000 0.007619
0 0.935714 0.204286 0.021429 0.008571
0 0.928571 0.186190 0.014286 0.010476
0 0.926786 0.179524 0.015000 0.008571
0 0.987857 0.238571 0.014286 0.018095
0 0.974643 0.216190 0.013571 0.017143
0 0.627857 0.090476 0.007143 0.009524
0 0.611071 0.120000 0.007857 0.007619
0 0.636786 0.081905 0.005000 0.009524
0 0.632143 0.086190 0.005714 0.008571
0 0.499643 0.177143 0.010714 0.013333
0 0.908571 0.095238 0.012857 0.007619
