0 0.345000 0.164340 0.025714 0.034264
0 0.406429 0.298223 0.020000 0.032995
0 0.392500 0.233503 0.029286 0.038071
0 0.338929 0.626269 0.029286 0.054569
0 0.285357 0.639594 0.029286 0.050761
0 0.269286 0.559645 0.028571 0.048223
0 0.342143 0.472716 0.027143 0.049492
0 0.307857 0.482868 0.034286 0.052030
0 0.257143 0.690355 0.025714 0.040609
0 0.225357 0.758249 0.032143 0.052030
0 0.238571 0.607234 0.021429 0.034264
0 0.204286 0.677030 0.027143 0.049492
0 0.122857 0.833756 0.038571 0.068528
0 0.080000 0.975888 0.041429 0.043147
0 0.263214 0.897843 0.035000 0.072335
0 0.450714 0.310914 0.024286 0.045685
0 0.462857 0.442893 0.014286 0.043147
0 0.528929 0.322335 0.023571 0.032995
0 0.616071 0.255711 0.019286 0.036802
0 0.739286 0.757614 0.035714 0.055838
0 0.704643 0.744924 0.029286 0.043147
0 0.657857 0.699873 0.034286 0.049492
0 0.753571 0.827411 0.027143 0.040609
0 0.723214 0.646574 0.035000 0.049492
0 0.614286 0.638959 0.034286 0.057107
0 0.643929 0.586294 0.029286 0.043147
