0 0.161429 0.486675 0.040000 0.034264
0 0.344286 0.532360 0.037143 0.034264
0 0.168214 0.637690 0.043571 0.029188
0 0.347500 0.662437 0.040714 0.040609
0 0.381071 0.855964 0.033571 0.069797
0 0.461071 0.633883 0.030714 0.067259
0 0.520000 0.834391 0.034286 0.097716
0 0.626429 0.881980 0.045714 0.050761
0 0.948214 0.391497 0.020714 0.046954
0 0.942500 0.311548 0.016429 0.034264
0 0.937143 0.273477 0.020000 0.034264
0 0.792500 0.041244 0.019286 0.039340
0 0.780000 0.014594 0.020000 0.026650
0 0.715000 0.463832 0.012857 0.044416
0 0.718214 0.418782 0.013571 0.048223
0 0.725357 0.305838 0.030714 0.030457
0 0.768929 0.228426 0.025000 0.020305
0 0.770000 0.211294 0.028571 0.029188
0 0.772500 0.200508 0.032143 0.027919
0 0.773571 0.187817 0.025714 0.027919
0 0.774643 0.175761 0.025000 0.029188
