0 0.299286 0.972716 0.032857 0.052030
0 0.523214 0.843274 0.027857 0.095178
0 0.405714 0.684645 0.025714 0.077411
0 0.363929 0.358503 0.023571 0.052030
0 0.422500 0.177665 0.017857 0.040609
0 0.376786 0.206853 0.020714 0.043147
0 0.095714 0.647843 0.032857 0.072335
0 0.111071 0.580584 0.025000 0.057107
0 0.218214 0.501269 0.030714 0.027919
0 0.210714 0.395939 0.021429 0.048223
0 0.243929 0.351523 0.030714 0.032995
0 0.247143 0.330584 0.032857 0.031726
0 0.259286 0.269670 0.031429 0.031726
0 0.262500 0.248096 0.029286 0.029188
0 0.292143 0.113579 0.012857 0.029188
0 0.285714 0.055838 0.014286 0.025381
0 0.305357 0.029188 0.013571 0.025381
0 0.063929 0.088832 0.020714 0.038071
0 0.079643 0.055838 0.023571 0.035533
0 0.395357 0.007614 0.015000 0.015228
0 0.272500 0.197970 0.026429 0.030457
