0 0.418214 0.981599 0.019286 0.034264
0 0.371429 0.599619 0.028571 0.074873
0 0.377857 0.527919 0.020000 0.071066
0 0.458929 0.769670 0.022143 0.079949
0 0.461786 0.565355 0.017857 0.067259
0 0.575714 0.451777 0.017143 0.065990
0 0.178571 0.248096 0.032857 0.049492
0 0.771786 0.193528 0.016429 0.057107
0 0.451071 0.180203 0.015000 0.043147
0 0.474643 0.210025 0.015000 0.044416
0 0.446786 0.288071 0.015000 0.050761
0 0.467857 0.394670 0.015714 0.050761
0 0.523571 0.359137 0.015714 0.060914
