0 0.119500 0.328000 0.028000 0.029333
0 0.254250 0.401333 0.038500 0.038667
0 0.142500 0.471333 0.043000 0.038667
0 0.451750 0.527333 0.056500 0.046667
0 0.279500 0.619333 0.058000 0.058667
0 0.320000 0.700667 0.056000 0.089333
0 0.703500 0.939333 0.069000 0.121333
0 0.817750 0.572667 0.053500 0.104000
0 0.937000 0.275000 0.028000 0.028667
0 0.971750 0.201667 0.016500 0.020667
0 0.922000 0.322333 0.028000 0.032667
0 0.936500 0.432667 0.029000 0.040000
0 0.963750 0.339000 0.027500 0.034000
0 0.989500 0.251667 0.019000 0.027333
0 0.695000 0.046667 0.014000 0.008000
0 0.997000 0.108667 0.006000 0.012000
