0 0.681500 0.697667 0.076000 0.116667
0 0.585000 0.439667 0.035000 0.055333
0 0.523000 0.398000 0.029000 0.041333
0 0.502500 0.347000 0.026000 0.038000
0 0.435500 0.353333 0.058000 0.040000
0 0.418750 0.277333 0.019500 0.028000
0 0.496750 0.255333 0.017500 0.022667
0 0.475500 0.239333 0.014000 0.020000
0 0.494500 0.232000 0.015000 0.017333
0 0.452000 0.250667 0.015000 0.021333
0 0.419500 0.203000 0.011000 0.020667
0 0.416750 0.189667 0.009500 0.019333
0 0.412000 0.170333 0.018000 0.014000
0 0.422250 0.176000 0.008500 0.014667
0 0.404000 0.165667 0.017000 0.012667
0 0.391750 0.160667 0.019500 0.010667
0 0.374000 0.167000 0.020000 0.010000
0 0.444250 0.157667 0.013500 0.014000
