0 0.094643 0.426396 0.027857 0.050761
0 0.146429 0.378173 0.022857 0.040609
0 0.130000 0.345812 0.021429 0.031726
0 0.070714 0.368655 0.025714 0.034264
0 0.098929 0.267766 0.017857 0.022843
0 0.207143 0.269036 0.014286 0.025381
0 0.169643 0.242386 0.012143 0.020305
0 0.193929 0.220812 0.012143 0.020305
0 0.148929 0.292513 0.017857 0.034264
0 0.184286 0.259518 0.014286 0.029188
0 0.117857 0.232234 0.012857 0.020305
0 0.151429 0.203680 0.008571 0.016497
0 0.177500 0.105330 0.005000 0.010152
0 0.182143 0.090736 0.005714 0.008883
0 0.199643 0.168147 0.009286 0.013959
0 0.200714 0.140228 0.007143 0.013959
0 0.202500 0.119924 0.006429 0.011421
0 0.191071 0.114213 0.006429 0.012690
0 0.187857 0.127538 0.007143 0.013959
0 0.211786 0.113579 0.006429 0.011421
0 0.117500 0.195431 0.010714 0.020305
0 0.129643 0.214467 0.013571 0.017766
0 0.150357 0.163071 0.009286 0.016497
0 0.165000 0.154188 0.007143 0.013959
0 0.144643 0.144670 0.007857 0.015228
0 0.482857 0.536802 0.021429 0.048223
0 0.445714 0.428299 0.015714 0.034264
0 0.356429 0.337563 0.011429 0.022843
0 0.430714 0.334391 0.020000 0.029188
0 0.376071 0.246193 0.007857 0.017766
0 0.388929 0.257614 0.016429 0.012690
0 0.432143 0.295051 0.017143 0.016497
0 0.390357 0.264594 0.007857 0.016497
0 0.381071 0.254442 0.007857 0.013959
0 0.346429 0.214467 0.008571 0.012690
0 0.350357 0.219543 0.007857 0.012690
0 0.354286 0.222081 0.010000 0.015228
0 0.358929 0.229695 0.010714 0.015228
0 0.308571 0.175761 0.007143 0.008883
0 0.301786 0.175127 0.005000 0.010152
0 0.298214 0.164340 0.006429 0.008883
0 0.303214 0.166878 0.003571 0.008883
0 0.346071 0.251269 0.007857 0.017766
0 0.395714 0.273477 0.010000 0.016497
0 0.368929 0.251269 0.010714 0.017766
0 0.333214 0.200508 0.007857 0.015228
0 0.326786 0.197335 0.007857 0.013959
0 0.321429 0.192259 0.007143 0.011421
0 0.322143 0.187817 0.007143 0.012690
0 0.312500 0.179569 0.007857 0.011421
0 0.304643 0.185914 0.006429 0.011421
0 0.350714 0.241117 0.011429 0.020305
0 0.260714 0.147843 0.005714 0.011421
