0 0.436587 0.795918 0.042276 0.090909
0 0.478079 0.591373 0.045929 0.039889
0 0.450418 0.549629 0.042797 0.034323
0 0.433194 0.503247 0.039666 0.036178
0 0.447025 0.448980 0.033925 0.031540
0 0.506002 0.502319 0.034969 0.038033
0 0.491649 0.335807 0.026096 0.027829
0 0.518789 0.318646 0.031315 0.028757
0 0.522704 0.350186 0.033925 0.028757
0 0.604384 0.319573 0.015658 0.036178
0 0.639092 0.081633 0.008873 0.020408
0 0.662839 0.175325 0.011482 0.024119
0 0.654228 0.084879 0.009916 0.015770
0 0.651096 0.070037 0.008873 0.015770
0 0.639614 0.016234 0.010960 0.012059
0 0.654749 0.012987 0.006785 0.011132
0 0.713205 0.014842 0.016180 0.011132
0 0.710856 0.008349 0.014614 0.009276
0 0.736169 0.061688 0.008873 0.017625
0 0.757307 0.069109 0.018789 0.012059
0 0.761221 0.072356 0.016180 0.012987
0 0.762265 0.084416 0.018267 0.016698
0 0.769572 0.105288 0.021399 0.017625
0 0.798017 0.111317 0.020877 0.012987
0 0.780010 0.145176 0.023486 0.015770
0 0.790188 0.164657 0.022965 0.017625
