0 0.057143 0.270952 0.062857 0.033333
0 0.135714 0.264286 0.054286 0.042857
0 0.216429 0.405238 0.047143 0.077143
0 0.246071 0.496190 0.037857 0.083810
0 0.218929 0.057619 0.049286 0.054286
0 0.333571 0.025238 0.025714 0.050476
0 0.407500 0.009048 0.022143 0.018095
0 0.386071 0.321429 0.060714 0.040952
0 0.497143 0.319048 0.055714 0.041905
0 0.597143 0.281905 0.064286 0.040000
0 0.754643 0.280952 0.060714 0.040000
0 0.452857 0.763333 0.034286 0.100000
0 0.288214 0.907143 0.045000 0.122857
0 0.165357 0.690000 0.042143 0.113333
