0 0.384643 0.934645 0.043571 0.112944
0 0.371429 0.750635 0.042857 0.085025
0 0.613214 0.034264 0.007857 0.012690
0 0.619643 0.040609 0.007857 0.012690
0 0.623929 0.034264 0.007857 0.010152
0 0.643929 0.035533 0.007857 0.012690
0 0.673214 0.039340 0.006429 0.012690
0 0.986429 0.219543 0.027143 0.038071
0 0.946786 0.219543 0.046429 0.035533
0 0.901071 0.225888 0.037857 0.032995
0 0.946071 0.390228 0.063571 0.087563
0 0.987143 0.432107 0.025714 0.064721
0 0.910714 0.413706 0.051429 0.093909
0 0.880000 0.421320 0.050000 0.096447
0 0.845714 0.429569 0.027143 0.057107
0 0.979643 0.578680 0.040714 0.091371
0 0.989643 0.640863 0.020714 0.058376
0 0.579643 0.437183 0.017857 0.041878
0 0.565000 0.328680 0.020000 0.030457
0 0.811429 0.231599 0.045714 0.039340
0 0.855357 0.226523 0.040714 0.036802
