0 0.059286 0.410000 0.054286 0.040952
0 0.118571 0.442857 0.050000 0.045714
0 0.131786 0.619524 0.045000 0.044762
0 0.232857 0.666667 0.058571 0.062857
0 0.257857 0.754762 0.057143 0.067619
0 0.317857 0.769048 0.051429 0.073333
0 0.364643 0.562857 0.045000 0.070476
0 0.362500 0.625714 0.049286 0.066667
0 0.392143 0.674286 0.052857 0.064762
0 0.427143 0.612381 0.045714 0.070476
0 0.452500 0.639524 0.049286 0.075238
0 0.475357 0.718571 0.053571 0.061905
0 0.503571 0.848571 0.061429 0.085714
0 0.473571 0.905714 0.060000 0.087619
0 0.422857 0.939524 0.055714 0.079048
