0 0.645000 0.015228 0.014286 0.025381
0 0.708214 0.019670 0.015000 0.031726
0 0.631071 0.043782 0.015000 0.024112
0 0.601071 0.102792 0.016429 0.030457
0 0.578929 0.144670 0.016429 0.022843
0 0.575714 0.107234 0.017143 0.026650
0 0.617857 0.071066 0.015714 0.025381
0 0.653929 0.069162 0.016429 0.026650
0 0.554643 0.147208 0.017857 0.027919
0 0.332500 0.452411 0.022143 0.034264
0 0.263214 0.567893 0.022143 0.036802
0 0.167500 0.765863 0.029286 0.054569
0 0.207143 0.910533 0.021429 0.044416
0 0.408214 0.972716 0.020714 0.052030
0 0.447143 0.821066 0.021429 0.058376
0 0.434286 0.673858 0.021429 0.050761
0 0.560714 0.563452 0.015714 0.040609
0 0.902857 0.979695 0.017143 0.038071
0 0.938571 0.666878 0.014286 0.049492
0 0.955357 0.237310 0.012143 0.030457
0 0.967500 0.166244 0.012143 0.032995
0 0.967857 0.121827 0.011429 0.032995
0 0.966429 0.081853 0.011429 0.029188
0 0.968929 0.037437 0.010714 0.031726
0 0.827500 0.286802 0.013571 0.032995
0 0.844286 0.189721 0.012857 0.031726
0 0.872500 0.012056 0.009286 0.024112
0 0.527857 0.186548 0.021429 0.027919
0 0.519286 0.250000 0.015714 0.027919
0 0.460000 0.312183 0.022857 0.032995
0 0.430357 0.382614 0.020714 0.031726
0 0.548214 0.395939 0.019286 0.035533
0 0.608214 0.474619 0.016429 0.040609
