0 0.247139 0.658874 0.080830 0.205153
0 0.355866 0.685115 0.083691 0.225191
0 0.458512 0.762405 0.062947 0.196565
0 0.503219 0.073950 0.139485 0.119275
0 0.897353 0.236641 0.142346 0.108779
0 0.748212 0.327767 0.080114 0.189885
0 0.674893 0.300573 0.076538 0.188931
0 0.596924 0.265744 0.090844 0.197519
0 0.424535 0.225191 0.102289 0.185115
0 0.507511 0.260496 0.097997 0.211832
0 0.818670 0.381202 0.079399 0.180344
0 0.891989 0.419847 0.088698 0.190840
0 0.957797 0.426527 0.075823 0.192748
