0 0.238214 0.060279 0.015000 0.019036
0 0.323929 0.057107 0.032143 0.030457
0 0.336786 0.141497 0.015000 0.024112
0 0.344286 0.157995 0.018571 0.039340
0 0.359286 0.177665 0.024286 0.045685
0 0.372143 0.201142 0.028571 0.044416
0 0.392143 0.227157 0.027143 0.050761
0 0.415357 0.259518 0.030714 0.057107
0 0.436071 0.294416 0.033571 0.058376
0 0.457857 0.338832 0.035714 0.055838
0 0.485000 0.375000 0.040000 0.077411
0 0.556071 0.502538 0.050714 0.091371
0 0.516071 0.434645 0.050714 0.082487
0 0.601429 0.587563 0.060000 0.104061
0 0.653571 0.671320 0.074286 0.144670
0 0.811786 0.432741 0.069286 0.086294
0 0.849286 0.373096 0.065714 0.073604
0 0.901071 0.361675 0.049286 0.055838
0 0.938929 0.343274 0.043571 0.049492
0 0.934643 0.298223 0.047857 0.068528
0 0.955714 0.303934 0.042857 0.049492
