0 0.358000 0.190000 0.032000 0.081333
0 0.408750 0.012333 0.056500 0.024667
0 0.415500 0.041000 0.052000 0.046000
0 0.421000 0.083000 0.049000 0.042000
0 0.460750 0.083000 0.026500 0.084667
0 0.422000 0.184333 0.053000 0.042000
0 0.549750 0.121667 0.027500 0.080667
0 0.550750 0.211333 0.043500 0.077333
0 0.423750 0.244000 0.057500 0.045333
0 0.431000 0.301667 0.056000 0.038000
0 0.548500 0.287667 0.044000 0.075333
0 0.551000 0.398333 0.027000 0.075333
0 0.576750 0.404333 0.032500 0.072667
0 0.447250 0.446000 0.065500 0.037333
0 0.420500 0.583333 0.052000 0.030667
0 0.538250 0.020667 0.028500 0.041333
0 0.608500 0.529667 0.052000 0.028667
0 0.583000 0.573000 0.055000 0.035333
0 0.658250 0.570667 0.054500 0.033333
0 0.690000 0.616333 0.058000 0.034000
0 0.748750 0.576667 0.055500 0.030667
0 0.796250 0.559000 0.031500 0.071333
0 0.749250 0.655333 0.054500 0.036000
0 0.759750 0.694333 0.079500 0.032667
0 0.707750 0.695333 0.031500 0.082667
0 0.652500 0.747667 0.053000 0.038000
0 0.654250 0.866667 0.040500 0.076000
0 0.699250 0.867333 0.030500 0.078667
0 0.479750 0.933333 0.065500 0.042667
0 0.417750 0.936333 0.055500 0.046000
0 0.351500 0.966000 0.029000 0.068000
