0 0.067143 0.303299 0.024286 0.025381
0 0.076786 0.322335 0.019286 0.022843
0 0.084286 0.334391 0.021429 0.029188
0 0.008929 0.718909 0.017857 0.041878
0 0.017857 0.907360 0.034286 0.053299
0 0.076071 0.876904 0.045000 0.055838
0 0.423571 0.828046 0.035714 0.046954
0 0.427857 0.424492 0.028571 0.031726
0 0.471429 0.221447 0.020000 0.021574
0 0.493929 0.256980 0.022143 0.019036
0 0.426786 0.160533 0.023571 0.029188
0 0.399286 0.174492 0.021429 0.024112
0 0.590000 0.251904 0.021429 0.021574
0 0.611786 0.295685 0.023571 0.025381
0 0.647500 0.274112 0.025000 0.022843
0 0.673214 0.269670 0.023571 0.021574
0 0.985357 0.644670 0.029286 0.035533
0 0.916429 0.237944 0.027143 0.024112
0 0.841786 0.256345 0.027857 0.025381
