0 0.845000 0.652667 0.020000 0.014667
0 0.840750 0.600000 0.017500 0.010667
0 0.516500 0.571333 0.006000 0.008000
0 0.540250 0.937000 0.045500 0.076667
0 0.545750 0.875333 0.028500 0.060000
0 0.665000 0.893000 0.040000 0.066000
0 0.550250 0.835667 0.028500 0.051333
0 0.554000 0.801000 0.032000 0.043333
0 0.662000 0.786667 0.023000 0.030667
0 0.629250 0.784667 0.025500 0.033333
0 0.551750 0.769333 0.023500 0.033333
0 0.553000 0.741333 0.019000 0.030667
0 0.554000 0.720667 0.017000 0.026667
0 0.624250 0.756000 0.021500 0.026667
0 0.620000 0.725667 0.018000 0.032667
0 0.612500 0.710333 0.017000 0.024667
0 0.559500 0.667333 0.013000 0.017333
0 0.561000 0.638333 0.011000 0.015333
0 0.610750 0.694667 0.015500 0.017333
0 0.608000 0.682000 0.014000 0.020000
0 0.604250 0.671333 0.013500 0.018667
0 0.600750 0.653667 0.012500 0.014000
0 0.594750 0.627333 0.009500 0.016000
0 0.593250 0.622667 0.009500 0.012000
0 0.593000 0.617000 0.009000 0.011333
0 0.562500 0.608333 0.009000 0.008667
0 0.590250 0.608333 0.008500 0.014000
0 0.589500 0.601000 0.008000 0.007333
0 0.587500 0.598000 0.007000 0.008000
0 0.587750 0.594000 0.006500 0.008000
0 0.587250 0.590333 0.006500 0.007333
0 0.576500 0.588000 0.006000 0.008000
0 0.576750 0.593333 0.006500 0.008000
0 0.563750 0.592000 0.007500 0.012000
0 0.560250 0.586333 0.014500 0.007333
0 0.590500 0.582667 0.013000 0.006667
0 0.556500 0.578667 0.006000 0.006667
0 0.564000 0.576333 0.006000 0.006000
0 0.570250 0.577333 0.006500 0.008000
0 0.238250 0.618333 0.019500 0.012667
0 0.222500 0.624667 0.026000 0.013333
0 0.184750 0.627000 0.019500 0.010000
0 0.024000 0.645333 0.013000 0.012000
0 0.027500 0.665000 0.024000 0.019333
0 0.050750 0.674000 0.033500 0.022667
0 0.061250 0.641333 0.029500 0.018667
0 0.070750 0.662000 0.027500 0.018667
0 0.111750 0.653000 0.025500 0.012667
0 0.310750 0.601667 0.008500 0.010000
0 0.293500 0.602000 0.011000 0.013333
0 0.306250 0.593333 0.010500 0.008000
0 0.331500 0.597333 0.016000 0.008000
0 0.350000 0.586333 0.013000 0.008667
0 0.343750 0.584667 0.010500 0.005333
0 0.335750 0.585000 0.010500 0.006000
0 0.330500 0.592667 0.017000 0.008000
0 0.324000 0.593333 0.014000 0.006667
0 0.318250 0.589333 0.013500 0.008000
0 0.306500 0.586667 0.014000 0.008000
0 0.310250 0.588333 0.012500 0.006000
