0 0.541429 0.133810 0.004286 0.006667
0 0.513571 0.270952 0.007143 0.012381
0 0.496071 0.366190 0.010714 0.021905
0 0.608571 0.117143 0.002857 0.003810
0 0.440714 0.228095 0.011429 0.008571
0 0.424643 0.190000 0.012143 0.006667
0 0.449643 0.220000 0.015000 0.009524
0 0.453929 0.215238 0.010714 0.009524
0 0.427143 0.206667 0.014286 0.009524
0 0.777857 0.351905 0.010000 0.014286
0 0.809286 0.328571 0.011429 0.013333
0 0.823571 0.329048 0.012857 0.014286
0 0.268571 0.270000 0.031429 0.021905
0 0.237143 0.278095 0.028571 0.022857
