0 0.087000 0.888667 0.150000 0.186667
0 0.694000 0.694667 0.153000 0.154667
0 0.490250 0.516333 0.097500 0.106000
0 0.324750 0.407667 0.047500 0.063333
0 0.402000 0.340000 0.046000 0.053333
0 0.087000 0.341000 0.061000 0.034000
0 0.048000 0.392000 0.071000 0.046667
0 0.046750 0.378000 0.079500 0.038667
0 0.034750 0.365000 0.069500 0.038000
0 0.744250 0.175333 0.027500 0.017333
0 0.827000 0.186667 0.034000 0.016000
0 0.875750 0.193000 0.034500 0.018000
0 0.839250 0.216333 0.040500 0.024667
0 0.798750 0.212000 0.033500 0.026667
0 0.755500 0.203000 0.036000 0.020667
0 0.300750 0.165000 0.014500 0.014000
0 0.257250 0.159333 0.022500 0.010667
0 0.243000 0.156000 0.021000 0.010667
0 0.226750 0.150333 0.014500 0.007333
0 0.219250 0.149000 0.014500 0.007333
0 0.178750 0.143000 0.008500 0.008667
0 0.210750 0.172333 0.021500 0.010000
0 0.268250 0.192667 0.023500 0.013333
0 0.276750 0.199000 0.025500 0.011333
0 0.203500 0.170667 0.020000 0.010667
0 0.174250 0.174333 0.025500 0.011333
0 0.011500 0.339333 0.023000 0.038667
0 0.013500 0.302000 0.027000 0.036000
0 0.055500 0.414333 0.085000 0.079333
0 0.106500 0.460000 0.091000 0.062667
0 0.820000 0.227000 0.045000 0.030000
0 0.804500 0.230333 0.036000 0.027333
0 0.781250 0.243667 0.046500 0.027333
0 0.765500 0.246667 0.040000 0.029333
0 0.744750 0.250667 0.038500 0.028000
0 0.791750 0.290667 0.038500 0.037333
0 0.794000 0.206000 0.037000 0.018667
0 0.923500 0.237000 0.027000 0.023333
0 0.965000 0.241000 0.049000 0.028667
0 0.988750 0.237000 0.022500 0.023333
0 0.869500 0.262667 0.036000 0.033333
0 0.837500 0.281333 0.024000 0.030667
0 0.941000 0.281667 0.059000 0.035333
0 0.727000 0.315000 0.047000 0.032667
0 0.772250 0.331333 0.061500 0.046667
0 0.923500 0.404000 0.078000 0.054667
0 0.773250 0.348667 0.069500 0.049333
0 0.715000 0.400667 0.079000 0.056000
0 0.926750 0.373667 0.083500 0.055333
0 0.903500 0.414333 0.077000 0.050000
0 0.853750 0.149667 0.021500 0.010000
0 0.714250 0.136000 0.017500 0.010667
0 0.694250 0.134333 0.017500 0.010000
