0 0.325000 0.146333 0.039000 0.024667
0 0.317250 0.167667 0.039500 0.034000
0 0.379500 0.143000 0.041000 0.020667
0 0.468250 0.154667 0.024500 0.025333
0 0.478250 0.179333 0.020500 0.029333
0 0.476750 0.211667 0.020500 0.030000
0 0.443750 0.232333 0.020500 0.048667
0 0.302250 0.746333 0.095500 0.142000
0 0.453250 0.917000 0.063500 0.166000
0 0.499000 0.130000 0.035000 0.022667
0 0.615500 0.142333 0.041000 0.031333
0 0.649000 0.137333 0.037000 0.021333
0 0.661000 0.124667 0.044000 0.021333
0 0.623750 0.115000 0.048500 0.020667
0 0.559250 0.127333 0.043500 0.021333
0 0.577250 0.121667 0.045500 0.015333
0 0.637000 0.035667 0.018000 0.019333
0 0.579250 0.366333 0.031500 0.063333
0 0.657000 0.372333 0.039000 0.059333
0 0.676250 0.637000 0.049500 0.112667
0 0.809000 0.554667 0.101000 0.061333
0 0.850250 0.645000 0.115500 0.096667
0 0.862250 0.746667 0.117500 0.148000
0 0.955500 0.546667 0.089000 0.057333
