0 0.504643 0.376904 0.010714 0.022843
0 0.524643 0.309645 0.009286 0.020305
0 0.592857 0.309010 0.008571 0.019036
0 0.584643 0.437817 0.012143 0.030457
0 0.603929 0.497462 0.015000 0.032995
0 0.537500 0.202411 0.006429 0.011421
0 0.542500 0.145939 0.006429 0.012690
0 0.541429 0.159898 0.005714 0.010152
0 0.541786 0.185914 0.006429 0.011421
0 0.581429 0.194797 0.005714 0.013959
0 0.610714 0.369924 0.012857 0.031726
0 0.590714 0.601523 0.015714 0.048223
0 0.511071 0.302030 0.009286 0.017766
0 0.580714 0.173858 0.007143 0.015228
0 0.588214 0.239213 0.007857 0.019036
0 0.691071 0.246827 0.025000 0.016497
