0 0.238214 0.022381 0.005000 0.021905
0 0.300714 0.184762 0.035714 0.057143
0 0.367500 0.050000 0.026429 0.061905
0 0.401429 0.011429 0.018571 0.022857
0 0.404286 0.052381 0.021429 0.049524
0 0.405714 0.117619 0.024286 0.056190
0 0.469286 0.122381 0.055714 0.039048
0 0.466786 0.159048 0.056429 0.038095
0 0.463571 0.222381 0.050000 0.039048
0 0.482500 0.279048 0.050714 0.053333
0 0.481071 0.351429 0.066429 0.040000
0 0.412500 0.420476 0.027857 0.077143
0 0.367500 0.377143 0.027857 0.072381
0 0.483929 0.390000 0.062143 0.052381
0 0.525714 0.417619 0.065714 0.042857
0 0.493929 0.500000 0.069286 0.045714
0 0.406429 0.501429 0.038571 0.082857
0 0.336429 0.761905 0.037143 0.118095
0 0.422143 0.734762 0.032857 0.101905
0 0.229643 0.412381 0.022143 0.015238
