0 0.102557 0.440167 0.008873 0.015770
0 0.101775 0.406772 0.010438 0.017625
0 0.128392 0.445269 0.017745 0.024119
0 0.093946 0.246289 0.003132 0.006494
0 0.002871 0.333952 0.005741 0.011132
0 0.011482 0.279221 0.012526 0.011132
0 0.087161 0.246289 0.004175 0.006494
0 0.444937 0.729128 0.032881 0.044527
0 0.469990 0.701299 0.031837 0.031540
0 0.443894 0.658163 0.028706 0.028757
0 0.334551 0.789889 0.049061 0.038033
0 0.368476 0.557978 0.022965 0.025046
0 0.321242 0.507885 0.020355 0.019481
0 0.247390 0.581633 0.029228 0.029685
0 0.312370 0.480519 0.022443 0.018553
0 0.215292 0.494434 0.018267 0.018553
0 0.251827 0.435529 0.020355 0.013915
0 0.153967 0.334416 0.011482 0.012059
0 0.151879 0.327922 0.010438 0.008349
0 0.150313 0.320501 0.009395 0.010204
0 0.184238 0.315399 0.012526 0.007421
0 0.197286 0.309369 0.011482 0.008349
0 0.178497 0.313544 0.008351 0.007421
0 0.175887 0.306122 0.005219 0.009276
0 0.144050 0.266698 0.005219 0.006494
0 0.169102 0.266698 0.007307 0.006494
0 0.167797 0.261596 0.006785 0.005566
0 0.560282 0.825603 0.044363 0.038961
0 0.637526 0.937848 0.043319 0.051948
0 0.650052 0.981447 0.042276 0.035250
