0 0.585000 0.894286 0.040000 0.091429
0 0.561786 0.777619 0.032143 0.071429
0 0.508929 0.670952 0.026429 0.058095
0 0.713571 0.806667 0.067143 0.049524
0 0.484643 0.530476 0.020714 0.034286
0 0.554286 0.386667 0.025714 0.032381
0 0.471429 0.339048 0.018571 0.024762
0 0.270000 0.418571 0.035714 0.023810
0 0.306786 0.401429 0.036429 0.021905
0 0.205714 0.396667 0.037143 0.016190
0 0.251429 0.405238 0.038571 0.020000
0 0.294286 0.386190 0.041429 0.021905
0 0.613571 0.238571 0.010000 0.020000
0 0.601071 0.218095 0.022143 0.011429
0 0.586429 0.239524 0.011429 0.020000
0 0.586429 0.279048 0.022857 0.020952
0 0.928214 0.219524 0.017857 0.018095
0 0.947500 0.227619 0.025000 0.024762
0 0.672500 0.286667 0.032143 0.017143
0 0.543214 0.242381 0.013571 0.021905
0 0.558571 0.242857 0.012857 0.019048
0 0.602143 0.240952 0.015714 0.019048
0 0.481071 0.164286 0.010714 0.016190
0 0.464643 0.100000 0.009286 0.011429
0 0.473571 0.087143 0.007143 0.010476
0 0.469286 0.743333 0.025714 0.077143
