0 0.412500 0.238571 0.015000 0.006667
0 0.421429 0.230476 0.015714 0.007619
0 0.426429 0.226667 0.012857 0.007619
0 0.389643 0.228571 0.012143 0.007619
0 0.310000 0.288095 0.022857 0.012381
0 0.303571 0.293333 0.021429 0.011429
0 0.373571 0.278095 0.022857 0.017143
0 0.365000 0.239048 0.020000 0.011429
0 0.513571 0.204286 0.007143 0.008571
0 0.510000 0.213333 0.005714 0.007619
0 0.248571 0.888571 0.070000 0.129524
0 0.422500 0.400476 0.015000 0.021905
0 0.261429 0.526190 0.025714 0.039048
0 0.384643 0.453333 0.023571 0.034286
0 0.314286 0.435714 0.015714 0.029524
0 0.455000 0.355238 0.012857 0.019048
0 0.472857 0.295714 0.011429 0.018095
0 0.485357 0.258571 0.009286 0.012381
0 0.471786 0.276667 0.009286 0.014286
0 0.427500 0.197619 0.010714 0.004762
