0 0.276071 0.702381 0.063571 0.117143
0 0.391071 0.826667 0.092143 0.114286
0 0.482857 0.615714 0.071429 0.063810
0 0.043929 0.640000 0.056429 0.106667
0 0.023929 0.522857 0.047857 0.106667
0 0.082500 0.460952 0.052143 0.093333
0 0.358929 0.145714 0.043571 0.055238
0 0.921429 0.808571 0.104286 0.121905
0 0.935000 0.743333 0.098571 0.111429
0 0.958929 0.683333 0.082143 0.120952
0 0.966071 0.623810 0.067857 0.093333
0 0.678929 0.405238 0.055000 0.071429
0 0.740714 0.362857 0.065714 0.070476
0 0.767143 0.343810 0.067143 0.070476
0 0.800714 0.325238 0.068571 0.065714
0 0.817857 0.296667 0.061429 0.058095
0 0.860000 0.281429 0.064286 0.060000
0 0.932500 0.180952 0.060714 0.068571
