0 0.418500 0.484000 0.104000 0.065333
0 0.434250 0.431000 0.092500 0.058000
0 0.768000 0.126000 0.028000 0.024000
0 0.839500 0.284333 0.057000 0.039333
0 0.467000 0.131333 0.023000 0.017333
0 0.451000 0.122667 0.021000 0.018667
0 0.433500 0.116333 0.021000 0.015333
0 0.373000 0.087333 0.015000 0.017333
0 0.382500 0.093667 0.014000 0.014000
0 0.396750 0.099000 0.014500 0.015333
0 0.407500 0.102667 0.010000 0.013333
0 0.416000 0.105667 0.014000 0.019333
0 0.490500 0.133000 0.018000 0.019333
0 0.709000 0.231000 0.036000 0.036667
0 0.664750 0.213333 0.035500 0.037333
0 0.937250 0.330333 0.049500 0.044667
