0 0.307500 0.206667 0.110000 0.088000
0 0.404500 0.077000 0.079000 0.075333
0 0.408500 0.038000 0.083000 0.058667
0 0.346000 0.029000 0.067000 0.056667
0 0.584500 0.084667 0.094000 0.073333
0 0.569750 0.142333 0.087500 0.083333
0 0.535000 0.178333 0.105000 0.075333
0 0.521000 0.211333 0.146000 0.064000
0 0.195000 0.301667 0.102000 0.055333
0 0.252750 0.344333 0.082500 0.043333
0 0.308500 0.379667 0.081000 0.058000
0 0.672000 0.133000 0.056000 0.084667
0 0.158000 0.896000 0.243000 0.208000
0 0.257000 0.078333 0.049000 0.047333
