0 0.500522 0.566790 0.017745 0.051948
0 0.504175 0.322820 0.018789 0.044527
0 0.480428 0.124304 0.009916 0.022263
0 0.501044 0.127087 0.010438 0.022263
0 0.500783 0.096475 0.008873 0.020408
0 0.510177 0.094620 0.008873 0.020408
0 0.466336 0.092301 0.017223 0.013915
0 0.325939 0.220315 0.010960 0.026902
0 0.520616 0.088126 0.007829 0.016698
0 0.521660 0.107143 0.008873 0.021336
0 0.518006 0.063544 0.006785 0.013915
0 0.543058 0.359462 0.017223 0.032468
0 0.565240 0.622449 0.026096 0.064935
0 0.579593 0.779221 0.028706 0.076067
0 0.756785 0.614564 0.038622 0.075139
0 0.713466 0.540353 0.042797 0.043599
0 0.700678 0.503711 0.029749 0.046382
