0 0.291429 0.813810 0.047143 0.056190
0 0.226429 0.908095 0.031429 0.069524
0 0.212143 0.976667 0.028571 0.046667
0 0.338929 0.911429 0.032143 0.072381
0 0.377143 0.776190 0.028571 0.070476
0 0.346071 0.650952 0.043571 0.048571
0 0.380357 0.956190 0.035000 0.080000
0 0.424643 0.881905 0.029286 0.068571
0 0.406786 0.843810 0.030714 0.070476
0 0.412500 0.642381 0.032143 0.060000
0 0.449643 0.665714 0.027857 0.068571
0 0.435000 0.548095 0.028571 0.061905
0 0.466786 0.434286 0.026429 0.060952
0 0.492143 0.329524 0.022857 0.047619
0 0.511429 0.262381 0.021429 0.048571
0 0.523571 0.189524 0.024286 0.051429
0 0.568214 0.623333 0.023571 0.058095
0 0.630714 0.613810 0.022857 0.052381
0 0.542143 0.536190 0.021429 0.051429
0 0.609286 0.554286 0.020000 0.051429
0 0.628571 0.550000 0.020000 0.058095
0 0.593214 0.436667 0.037857 0.039048
0 0.631786 0.274762 0.023571 0.044762
0 0.646786 0.200000 0.020714 0.041905
0 0.728571 0.155238 0.042857 0.030476
