0 0.513929 0.459048 0.020714 0.041905
0 0.477857 0.590476 0.024286 0.055238
0 0.180000 0.719048 0.048571 0.049524
0 0.219286 0.643810 0.031429 0.055238
0 0.092143 0.668571 0.044286 0.034286
0 0.133571 0.824286 0.047143 0.061905
0 0.092143 0.914286 0.051429 0.060952
0 0.202857 0.812381 0.044286 0.070476
0 0.270357 0.554286 0.029286 0.047619
0 0.286786 0.499048 0.027857 0.040000
0 0.323929 0.244762 0.026429 0.017143
0 0.438214 0.169048 0.022143 0.016190
0 0.461429 0.051429 0.008571 0.011429
0 0.481786 0.074286 0.017857 0.011429
0 0.474286 0.087619 0.018571 0.015238
0 0.491429 0.069524 0.018571 0.011429
0 0.494643 0.064762 0.017857 0.011429
0 0.446429 0.053810 0.008571 0.012381
0 0.400357 0.139048 0.020714 0.013333
0 0.403214 0.127619 0.017857 0.011429
0 0.461786 0.096667 0.023571 0.012381
0 0.458571 0.103333 0.021429 0.010476
0 0.449643 0.152857 0.017857 0.016190
0 0.720357 0.097143 0.010714 0.011429
0 0.822857 0.422857 0.021429 0.036190
