0 0.637265 0.929035 0.050104 0.054731
0 0.624217 0.820501 0.037578 0.043599
0 0.627088 0.805659 0.034969 0.039889
0 0.622651 0.776902 0.033403 0.041744
0 0.602296 0.642393 0.012526 0.026902
0 0.568633 0.604824 0.009916 0.020408
0 0.507307 0.496289 0.012526 0.011132
0 0.509656 0.495826 0.012004 0.010204
0 0.554802 0.472171 0.011482 0.011132
0 0.550365 0.483302 0.012004 0.011132
0 0.551670 0.480519 0.014614 0.011132
0 0.548800 0.429035 0.007829 0.008349
0 0.553236 0.425325 0.006263 0.006494
0 0.610647 0.545455 0.008351 0.016698
0 0.609342 0.534323 0.008873 0.012987
0 0.565762 0.470315 0.013570 0.011132
0 0.566545 0.464750 0.012004 0.009276
0 0.566806 0.462430 0.013570 0.010204
0 0.566806 0.460575 0.013570 0.012059
0 0.553758 0.440167 0.005219 0.010204
0 0.562630 0.443878 0.011482 0.008349
0 0.563935 0.438776 0.007829 0.007421
0 0.585073 0.415584 0.004175 0.005566
0 0.618998 0.415121 0.007307 0.008349
0 0.618476 0.432282 0.005219 0.011132
0 0.629436 0.438312 0.006263 0.008349
0 0.633612 0.444805 0.006263 0.008349
0 0.646399 0.429035 0.005741 0.008349
0 0.631002 0.425325 0.005219 0.006494
0 0.631002 0.420223 0.005219 0.007421
0 0.637004 0.429963 0.005741 0.010204
0 0.661273 0.487477 0.008351 0.013915
0 0.670929 0.486549 0.008873 0.012059
0 0.666754 0.478664 0.006785 0.009276
0 0.900313 0.667904 0.018789 0.024119
0 0.907359 0.629406 0.019311 0.025046
0 0.904749 0.480056 0.015136 0.013915
0 0.887265 0.477737 0.017745 0.012987
0 0.562630 0.437384 0.008351 0.006494
0 0.541754 0.405380 0.003132 0.007421
