0 0.468000 0.834000 0.074000 0.104000
0 0.620250 0.657667 0.037500 0.070000
0 0.710750 0.448667 0.019500 0.021333
0 0.709000 0.399333 0.014000 0.022667
0 0.825500 0.396667 0.034000 0.018667
0 0.863500 0.401667 0.027000 0.015333
0 0.904250 0.402333 0.028500 0.018000
0 0.853500 0.326667 0.019000 0.008000
0 0.787000 0.351333 0.010000 0.010667
0 0.774500 0.305333 0.007000 0.006667
0 0.790750 0.301333 0.005500 0.005333
0 0.780000 0.297333 0.006000 0.005333
0 0.795000 0.262667 0.004000 0.004000
0 0.804000 0.261333 0.003000 0.004000
