0 0.356071 0.280476 0.033571 0.023810
0 0.347500 0.199048 0.023571 0.017143
0 0.416429 0.047143 0.008571 0.016190
0 0.385357 0.005238 0.006429 0.010476
0 0.608214 0.352857 0.020714 0.029524
0 0.437143 0.326190 0.020000 0.037143
0 0.433929 0.290952 0.013571 0.029524
0 0.447857 0.361429 0.020000 0.037143
0 0.542857 0.500000 0.022857 0.045714
0 0.480000 0.371905 0.022857 0.039048
0 0.391071 0.055714 0.010714 0.016190
0 0.448214 0.244286 0.013571 0.029524
0 0.440714 0.216190 0.014286 0.024762
0 0.455000 0.265714 0.011429 0.019048
0 0.313929 0.955238 0.067857 0.060952
0 0.988214 0.897619 0.023571 0.050476
