0 0.235647 0.223562 0.058977 0.053803
0 0.221555 0.502783 0.066284 0.048237
0 0.454071 0.509740 0.062630 0.056586
0 0.666754 0.512987 0.063152 0.044527
0 0.753132 0.520408 0.067850 0.048237
0 0.892484 0.518553 0.067850 0.048237
0 0.219207 0.692022 0.079332 0.061224
0 0.109081 0.784323 0.051148 0.099258
0 0.204332 0.816327 0.074635 0.129870
0 0.265919 0.814471 0.050626 0.098330
0 0.175887 0.936456 0.048017 0.125232
0 0.227818 0.916976 0.044363 0.106679
0 0.442850 0.902597 0.048539 0.131725
0 0.776357 0.918831 0.040188 0.114100
