0 0.108214 0.975254 0.015000 0.046954
0 0.110714 0.919416 0.012857 0.046954
0 0.112500 0.864213 0.012143 0.040609
0 0.188571 0.623096 0.010000 0.035533
0 0.293214 0.613579 0.009286 0.039340
0 0.307857 0.612944 0.011429 0.038071
0 0.320714 0.611675 0.011429 0.038071
0 0.434286 0.881345 0.012857 0.041878
0 0.499286 0.809645 0.017143 0.040609
0 0.533571 0.862944 0.018571 0.045685
0 0.931071 0.902919 0.022143 0.044416
0 0.898929 0.809010 0.019286 0.044416
0 0.878929 0.745558 0.016429 0.039340
0 0.915714 0.073604 0.017143 0.020305
0 0.805000 0.007614 0.015714 0.015228
0 0.779643 0.008249 0.016429 0.016497
0 0.746071 0.552665 0.022143 0.031726
0 0.721786 0.521574 0.020714 0.027919
0 0.694643 0.490482 0.020714 0.029188
0 0.665714 0.454315 0.018571 0.027919
0 0.642143 0.422589 0.020000 0.030457
0 0.619643 0.396574 0.019286 0.029188
0 0.598214 0.364848 0.019286 0.034264
0 0.651786 0.728426 0.020714 0.043147
0 0.627143 0.835025 0.018571 0.045685
0 0.560714 0.789975 0.018571 0.046954
0 0.581429 0.598985 0.015714 0.027919
0 0.488929 0.645939 0.017857 0.043147
0 0.524643 0.529822 0.017857 0.031726
0 0.470000 0.663071 0.015714 0.039340
0 0.440000 0.715736 0.015714 0.043147
0 0.409286 0.689086 0.011429 0.040609
0 0.411429 0.593909 0.014286 0.035533
0 0.425714 0.567893 0.015714 0.034264
0 0.431786 0.539975 0.013571 0.031726
0 0.402500 0.504442 0.012143 0.029188
0 0.434286 0.378807 0.014286 0.029188
0 0.420000 0.310914 0.014286 0.030457
0 0.388929 0.445431 0.013571 0.030457
0 0.373214 0.484137 0.012143 0.034264
0 0.376071 0.400381 0.010714 0.029188
0 0.363571 0.434645 0.011429 0.031726
0 0.509643 0.217640 0.013571 0.026650
0 0.370000 0.356599 0.011429 0.022843
0 0.357143 0.388959 0.011429 0.026650
0 0.336071 0.316624 0.010714 0.026650
0 0.319286 0.509518 0.021429 0.026650
0 0.318571 0.487310 0.020000 0.027919
0 0.315000 0.463198 0.021429 0.030457
0 0.312143 0.441624 0.017143 0.027919
0 0.312143 0.421320 0.018571 0.025381
0 0.310000 0.397208 0.020000 0.027919
0 0.307500 0.326142 0.017857 0.022843
0 0.326429 0.229695 0.011429 0.025381
0 0.305714 0.206853 0.008571 0.022843
0 0.306071 0.311548 0.017857 0.021574
0 0.302857 0.296954 0.020000 0.022843
0 0.302500 0.271574 0.015000 0.020305
0 0.296429 0.260787 0.018571 0.021574
0 0.290000 0.237310 0.018571 0.020305
0 0.285357 0.213198 0.016429 0.020305
0 0.287857 0.224619 0.017143 0.020305
0 0.448571 0.140863 0.014286 0.025381
0 0.471429 0.138325 0.014286 0.025381
0 0.310357 0.176396 0.007857 0.020305
0 0.276071 0.104061 0.007857 0.022843
0 0.326429 0.093274 0.007143 0.019036
0 0.255357 0.035533 0.007857 0.020305
0 0.278571 0.067893 0.007143 0.019036
0 0.305000 0.057107 0.011429 0.030457
0 0.291429 0.152284 0.010000 0.022843
0 0.296429 0.126269 0.010000 0.024112
0 0.249643 0.078046 0.010714 0.021574
0 0.255000 0.096447 0.007143 0.025381
0 0.139643 0.045051 0.010714 0.019036
