0 0.387265 0.852505 0.072025 0.063080
0 0.391701 0.792208 0.058977 0.063080
0 0.439979 0.712894 0.066806 0.056586
0 0.448591 0.662338 0.049582 0.055659
0 0.446503 0.621058 0.055846 0.045455
0 0.461378 0.577458 0.052192 0.036178
0 0.539405 0.469852 0.022443 0.056586
0 0.495825 0.379870 0.040710 0.038033
0 0.505480 0.347866 0.033925 0.029685
0 0.508090 0.305659 0.034969 0.030612
0 0.521921 0.255102 0.024008 0.024119
0 0.522182 0.188776 0.012004 0.023191
0 0.525574 0.146104 0.020877 0.023191
0 0.607777 0.073284 0.022443 0.016698
0 0.701983 0.075139 0.019833 0.012987
0 0.715031 0.157699 0.012526 0.025974
0 0.725470 0.085343 0.018789 0.016698
0 0.812630 0.094156 0.020877 0.013915
0 0.846033 0.106679 0.026096 0.022263
0 0.651879 0.030148 0.006263 0.017625
0 0.642223 0.019944 0.008873 0.015770
0 0.531576 0.237477 0.026618 0.027829
0 0.618737 0.069573 0.017223 0.016698
0 0.757568 0.074675 0.025574 0.017625
