0 0.290357 0.763325 0.030714 0.077411
0 0.323929 0.520305 0.022143 0.055838
0 0.508929 0.551396 0.020714 0.064721
0 0.366429 0.400381 0.020000 0.052030
0 0.499643 0.376269 0.020714 0.062183
0 0.436429 0.254442 0.017143 0.044416
0 0.377500 0.248731 0.017857 0.038071
0 0.401786 0.213198 0.016429 0.038071
0 0.350357 0.288706 0.020714 0.046954
0 0.380357 0.164975 0.016429 0.035533
0 0.363214 0.115482 0.015000 0.030457
0 0.405357 0.074239 0.013571 0.031726
0 0.383571 0.048858 0.014286 0.029188
0 0.568571 0.071066 0.025714 0.022843
0 0.593571 0.036802 0.015714 0.030457
0 0.662857 0.060279 0.024286 0.036802
0 0.891786 0.041244 0.017857 0.024112
0 0.906429 0.061548 0.015714 0.026650
0 0.876071 0.020305 0.010714 0.017766
