0 0.069286 0.103426 0.018571 0.013959
0 0.286786 0.078046 0.017857 0.016497
0 0.363571 0.071701 0.015714 0.019036
0 0.382857 0.108503 0.011429 0.024112
0 0.407143 0.128173 0.007143 0.022843
0 0.394643 0.206218 0.007857 0.026650
0 0.407143 0.263959 0.010000 0.027919
0 0.432857 0.491751 0.011429 0.036802
0 0.429286 0.586929 0.011429 0.041878
0 0.439286 0.816624 0.012857 0.054569
0 0.433214 0.971447 0.022143 0.054569
0 0.021786 0.977157 0.026429 0.043147
0 0.182143 0.954949 0.021429 0.062183
0 0.227857 0.942259 0.018571 0.059645
0 0.266429 0.938452 0.018571 0.062183
0 0.247143 0.945431 0.018571 0.063452
0 0.732500 0.737944 0.029286 0.026650
0 0.802143 0.604061 0.024286 0.022843
0 0.805357 0.622462 0.030714 0.029188
0 0.713929 0.661168 0.027857 0.025381
0 0.718214 0.686548 0.026429 0.022843
0 0.807500 0.650381 0.029286 0.024112
