0 0.306429 0.032360 0.022857 0.026650
0 0.339286 0.034264 0.022857 0.022843
0 0.401429 0.019036 0.015714 0.015228
0 0.399286 0.026650 0.017143 0.015228
0 0.400357 0.032995 0.017857 0.015228
0 0.389643 0.058376 0.025000 0.020305
0 0.356071 0.097716 0.009286 0.017766
0 0.393929 0.154188 0.022143 0.013959
0 0.578214 0.010787 0.006429 0.013959
0 0.565714 0.031091 0.005714 0.011421
0 0.561786 0.052030 0.007857 0.015228
0 0.558214 0.074239 0.007857 0.016497
0 0.584643 0.080584 0.006429 0.016497
0 0.581429 0.131345 0.008571 0.019036
0 0.565000 0.128807 0.008571 0.019036
0 0.554286 0.101523 0.007143 0.015228
0 0.481786 0.180838 0.013571 0.021574
0 0.550000 0.194162 0.008571 0.020305
0 0.565000 0.203046 0.010000 0.020305
0 0.552857 0.239213 0.010000 0.024112
0 0.553929 0.299492 0.012143 0.022843
0 0.666429 0.294416 0.015714 0.032995
0 0.723929 0.424492 0.022143 0.044416
0 0.696071 0.576142 0.020714 0.045685
0 0.647500 0.553299 0.020714 0.048223
0 0.608929 0.611675 0.020714 0.048223
0 0.736071 0.892766 0.030714 0.079949
0 0.503214 0.720178 0.036429 0.034264
0 0.030714 0.565355 0.022857 0.036802
0 0.064643 0.598350 0.025000 0.036802
0 0.317500 0.766497 0.040714 0.038071
0 0.068571 0.958756 0.045714 0.059645
