0 0.388048 0.876623 0.050626 0.139147
0 0.423278 0.637755 0.034447 0.084416
0 0.485386 0.244434 0.011482 0.036178
0 0.702766 0.622913 0.071503 0.054731
0 0.676148 0.591837 0.066284 0.055659
0 0.641441 0.676716 0.035491 0.110390
0 0.544885 0.209184 0.018789 0.017625
0 0.460073 0.134045 0.009916 0.015770
0 0.411013 0.119202 0.012004 0.013915
0 0.407359 0.115028 0.016180 0.012987
0 0.334029 0.095547 0.017745 0.014842
0 0.502349 0.113636 0.007829 0.012059
0 0.519311 0.107607 0.007307 0.012987
0 0.529749 0.109926 0.007307 0.012059
0 0.517745 0.091837 0.007307 0.014842
0 0.534708 0.039425 0.004697 0.008349
0 0.533403 0.029685 0.004175 0.005566
0 0.526096 0.018089 0.007307 0.006494
0 0.535752 0.049165 0.003653 0.007421
