0 0.075714 0.022843 0.007143 0.017766
0 0.080000 0.140228 0.004286 0.013959
0 0.126786 0.250635 0.012143 0.013959
0 0.168571 0.247462 0.014286 0.012690
0 0.097857 0.194162 0.005714 0.015228
0 0.144643 0.085660 0.010714 0.013959
0 0.281786 0.198604 0.012143 0.013959
0 0.261429 0.209391 0.010000 0.010152
0 0.296071 0.050761 0.005000 0.012690
0 0.302500 0.108503 0.005000 0.011421
0 0.352857 0.133883 0.012857 0.008883
0 0.332500 0.013959 0.006429 0.010152
0 0.328571 0.004442 0.005714 0.008883
0 0.295714 0.073604 0.005714 0.012690
0 0.315714 0.102792 0.005714 0.012690
0 0.337143 0.133249 0.010000 0.015228
0 0.408571 0.281726 0.008571 0.020305
0 0.356786 0.222716 0.007857 0.011421
0 0.364643 0.293782 0.006429 0.013959
0 0.406429 0.218909 0.007143 0.016497
0 0.458571 0.343909 0.010000 0.020305
0 0.489286 0.465102 0.008571 0.024112
0 0.455000 0.451142 0.008571 0.019036
0 0.472500 0.527284 0.009286 0.021574
0 0.620000 0.147843 0.008571 0.008883
0 0.646786 0.189086 0.012143 0.017766
0 0.685357 0.211294 0.010714 0.013959
0 0.746429 0.213832 0.007143 0.013959
0 0.753571 0.351523 0.007143 0.010152
0 0.761071 0.340102 0.009286 0.010152
0 0.736429 0.375635 0.008571 0.012690
0 0.745357 0.363579 0.007857 0.016497
0 0.728214 0.387690 0.010714 0.011421
0 0.830714 0.472081 0.010000 0.015228
0 0.823571 0.462563 0.008571 0.013959
