0 0.648214 0.835025 0.046429 0.142132
0 0.457857 0.597716 0.030000 0.093909
0 0.378214 0.381980 0.027857 0.071066
0 0.404643 0.877538 0.035000 0.107868
0 0.557857 0.021574 0.020000 0.043147
0 0.453571 0.043782 0.018571 0.036802
0 0.970357 0.784264 0.049286 0.106599
0 0.896071 0.548223 0.033571 0.071066
0 0.871429 0.312817 0.041429 0.031726
0 0.818571 0.302030 0.027143 0.063452
0 0.796786 0.331853 0.029286 0.067259
0 0.869643 0.290609 0.039286 0.035533
0 0.853571 0.238579 0.044286 0.040609
0 0.839286 0.218274 0.034286 0.032995
0 0.873571 0.194797 0.035714 0.031726
0 0.789286 0.217640 0.020000 0.052030
0 0.890714 0.233503 0.024286 0.030457
0 0.755000 0.378173 0.025714 0.060914
0 0.752143 0.443528 0.022857 0.049492
0 0.801071 0.531091 0.023571 0.072335
0 0.880357 0.215102 0.042143 0.031726
