0 0.749250 0.047667 0.065500 0.094000
0 0.947750 0.036000 0.072500 0.072000
0 0.369000 0.143000 0.039000 0.076667
0 0.411750 0.133333 0.045500 0.137333
0 0.586750 0.280333 0.110500 0.080667
0 0.036250 0.250333 0.072500 0.140667
0 0.121500 0.256333 0.104000 0.119333
0 0.072000 0.474000 0.111000 0.066667
0 0.249250 0.899000 0.102500 0.086000
0 0.513000 0.491667 0.081000 0.062000
0 0.880250 0.583333 0.105500 0.077333
0 0.600250 0.570667 0.111500 0.074667
0 0.696500 0.652667 0.098000 0.080000
