0 0.953027 0.913729 0.092902 0.153989
0 0.814196 0.692022 0.093946 0.064935
0 0.649791 0.425788 0.028184 0.038961
0 0.697547 0.389610 0.039144 0.038961
0 0.406576 0.405844 0.042797 0.032468
0 0.644833 0.286178 0.030793 0.019481
0 0.598121 0.264842 0.014614 0.023191
0 0.556628 0.272727 0.014092 0.029685
0 0.485125 0.282931 0.028706 0.020408
0 0.481472 0.203618 0.012004 0.023191
0 0.520355 0.198980 0.017745 0.017625
0 0.500783 0.226809 0.026618 0.017625
0 0.500783 0.249536 0.020355 0.012987
0 0.499739 0.256957 0.027662 0.014842
0 0.496608 0.265770 0.028706 0.017625
0 0.493476 0.272727 0.027662 0.020408
0 0.568633 0.156308 0.006785 0.010204
0 0.611691 0.169295 0.016701 0.015770
