0 0.112857 0.109772 0.017143 0.041878
0 0.183214 0.130076 0.035000 0.034264
0 0.188929 0.140863 0.035000 0.032995
0 0.190357 0.154188 0.030714 0.029188
0 0.185357 0.182107 0.017857 0.029188
0 0.193571 0.210025 0.017143 0.034264
0 0.127857 0.215736 0.031429 0.022843
0 0.175714 0.281091 0.025714 0.044416
0 0.028929 0.450508 0.057857 0.076142
0 0.009643 0.543147 0.019286 0.053299
0 0.008214 0.605964 0.016429 0.069797
0 0.038571 0.527919 0.027143 0.060914
0 0.067143 0.529822 0.025714 0.059645
0 0.039286 0.588198 0.030000 0.074873
0 0.337143 0.093274 0.014286 0.026650
0 0.431429 0.089467 0.015714 0.036802
0 0.472857 0.113579 0.028571 0.029188
0 0.497143 0.180203 0.020000 0.032995
0 0.514643 0.213832 0.017857 0.044416
0 0.523571 0.260152 0.014286 0.050761
0 0.466429 0.359137 0.015714 0.045685
0 0.523929 0.320431 0.015000 0.046954
0 0.524286 0.369924 0.017143 0.046954
