0 0.131429 0.086190 0.044286 0.023810
0 0.090000 0.179524 0.054286 0.037143
0 0.328571 0.012857 0.041429 0.025714
0 0.277500 0.091429 0.046429 0.028571
0 0.377857 0.087619 0.034286 0.030476
0 0.556429 0.028095 0.037143 0.021905
0 0.030357 0.307619 0.043571 0.053333
0 0.141071 0.469524 0.049286 0.059048
0 0.701071 0.031429 0.033571 0.024762
0 0.695357 0.116190 0.032143 0.026667
0 0.634286 0.011429 0.034286 0.020952
0 0.538929 0.232857 0.032143 0.044762
0 0.510357 0.176667 0.026429 0.039048
