0 0.354643 0.488579 0.037857 0.058376
0 0.301071 0.357868 0.023571 0.053299
0 0.724643 0.351523 0.037857 0.040609
0 0.403571 0.409898 0.037143 0.050761
0 0.368929 0.540609 0.052143 0.045685
0 0.098214 0.227157 0.015000 0.035533
0 0.653214 0.505711 0.045000 0.049492
0 0.607857 0.541878 0.047143 0.053299
0 0.590000 0.564721 0.045714 0.063452
0 0.683214 0.461929 0.045000 0.035533
0 0.668929 0.486041 0.045000 0.040609
0 0.704643 0.451142 0.045000 0.044416
0 0.295357 0.193528 0.020714 0.031726
0 0.744286 0.426396 0.030000 0.040609
0 0.317857 0.448604 0.024286 0.059645
0 0.053571 0.565355 0.024286 0.072335
0 0.069286 0.386421 0.020000 0.049492
0 0.293571 0.162437 0.021429 0.030457
0 0.380714 0.565990 0.051429 0.063452
0 0.403214 0.578680 0.050714 0.058376
0 0.629643 0.521574 0.050714 0.050761
0 0.260714 0.016497 0.027143 0.020305
0 0.302857 0.501269 0.055714 0.032995
