0 0.168929 0.213333 0.019286 0.043810
0 0.190357 0.261905 0.033571 0.022857
0 0.206429 0.345238 0.017143 0.040952
0 0.191071 0.341905 0.016429 0.038095
0 0.142500 0.326667 0.020714 0.034286
0 0.425000 0.729524 0.012857 0.038095
0 0.536786 0.672381 0.015000 0.040000
0 0.528929 0.582857 0.016429 0.040000
0 0.504643 0.460476 0.015000 0.039048
0 0.486786 0.285714 0.015000 0.038095
0 0.447857 0.052857 0.012857 0.039048
0 0.443214 0.010476 0.015000 0.020952
0 0.483214 0.152381 0.012143 0.038095
0 0.888571 0.108571 0.024286 0.036190
0 0.921071 0.301429 0.027857 0.031429
0 0.746786 0.441429 0.015000 0.035238
