0 0.714500 0.849333 0.149000 0.110667
0 0.474500 0.582333 0.015000 0.016667
0 0.525250 0.577667 0.013500 0.019333
0 0.522750 0.568333 0.012500 0.016667
0 0.522250 0.565000 0.010500 0.018000
0 0.516500 0.559000 0.011000 0.012667
0 0.467000 0.561000 0.021000 0.012667
0 0.484250 0.553333 0.010500 0.012000
0 0.513500 0.542333 0.008000 0.010000
0 0.509250 0.535333 0.007500 0.010667
0 0.489250 0.542667 0.006500 0.006667
0 0.490250 0.537000 0.007500 0.007333
0 0.501250 0.532667 0.006500 0.006667
0 0.520250 0.536333 0.007500 0.008667
0 0.527750 0.533333 0.007500 0.006667
0 0.493000 0.533667 0.006000 0.007333
0 0.498750 0.535667 0.011500 0.006000
