0 0.121786 0.913071 0.029286 0.052030
0 0.198571 0.730330 0.022857 0.046954
0 0.268571 0.850254 0.025714 0.058376
0 0.312857 0.729695 0.022857 0.050761
0 0.250357 0.604061 0.022143 0.035533
0 0.273571 0.555203 0.020000 0.031726
0 0.290714 0.562817 0.017143 0.029188
0 0.306786 0.526650 0.019286 0.030457
0 0.295000 0.515228 0.021429 0.027919
0 0.326429 0.491751 0.018571 0.026650
0 0.358214 0.565355 0.017857 0.031726
0 0.391429 0.152919 0.012857 0.011421
0 0.392143 0.160533 0.012857 0.013959
0 0.401429 0.172589 0.015714 0.012690
0 0.431786 0.176396 0.012143 0.012690
0 0.458929 0.180203 0.016429 0.015228
0 0.452143 0.182107 0.012857 0.013959
0 0.420357 0.180838 0.013571 0.013959
0 0.408571 0.166244 0.014286 0.017766
0 0.500714 0.174492 0.012857 0.011421
0 0.480714 0.008883 0.004286 0.012690
0 0.441786 0.270939 0.016429 0.024112
0 0.460000 0.267766 0.012857 0.015228
0 0.421786 0.354695 0.013571 0.021574
0 0.432857 0.335660 0.012857 0.016497
0 0.443929 0.321066 0.013571 0.020305
0 0.364643 0.425761 0.019286 0.024112
0 0.345000 0.453680 0.020000 0.031726
0 0.431786 0.441624 0.015000 0.025381
0 0.369643 0.583122 0.017857 0.036802
0 0.591071 0.211929 0.007857 0.015228
0 0.628929 0.046320 0.006429 0.011421
0 0.609643 0.059010 0.007857 0.011421
0 0.636429 0.109137 0.011429 0.025381
0 0.650714 0.027919 0.010000 0.020305
0 0.975714 0.351523 0.014286 0.027919
0 0.918571 0.392766 0.022857 0.016497
0 0.974643 0.181472 0.019286 0.012690
0 0.976786 0.176396 0.017857 0.017766
0 0.978929 0.173223 0.016429 0.013959
0 0.979643 0.166244 0.015000 0.012690
0 0.979286 0.166244 0.014286 0.015228
0 0.982857 0.159898 0.017143 0.012690
0 0.985714 0.152284 0.018571 0.010152
0 0.989286 0.145305 0.015714 0.013959
0 0.989286 0.141497 0.017143 0.008883
0 0.993929 0.135152 0.012143 0.011421
