0 0.456250 0.293667 0.027500 0.051333
0 0.130250 0.026000 0.024500 0.014667
0 0.150500 0.029000 0.026000 0.016667
0 0.259500 0.042000 0.026000 0.022667
0 0.049750 0.261333 0.048500 0.036000
0 0.130500 0.303333 0.053000 0.042667
0 0.200500 0.339000 0.054000 0.043333
0 0.256250 0.369667 0.068500 0.051333
0 0.182750 0.379333 0.067500 0.064000
0 0.306000 0.398333 0.045000 0.062000
0 0.008500 0.232667 0.017000 0.037333
0 0.399500 0.387333 0.067000 0.064000
0 0.377750 0.435000 0.073500 0.071333
0 0.406250 0.323667 0.057500 0.051333
0 0.452250 0.364667 0.034500 0.057333
0 0.496500 0.409333 0.045000 0.068000
0 0.448500 0.456667 0.036000 0.078667
0 0.231000 0.477667 0.070000 0.067333
0 0.339000 0.486000 0.075000 0.072000
0 0.160750 0.545667 0.081500 0.070000
0 0.104750 0.593333 0.102500 0.074667
0 0.047750 0.666333 0.094500 0.074000
0 0.023500 0.756333 0.047000 0.082000
0 0.227750 0.601000 0.105500 0.079333
0 0.170500 0.717333 0.121000 0.132000
0 0.291250 0.536333 0.088500 0.079333
0 0.260250 0.853333 0.141500 0.146667
0 0.389500 0.615000 0.077000 0.118000
0 0.421000 0.550333 0.075000 0.094000
0 0.487500 0.525000 0.090000 0.059333
0 0.585000 0.585667 0.094000 0.086000
0 0.493000 0.659667 0.097000 0.104667
0 0.595000 0.712000 0.098000 0.174667
0 0.465000 0.883667 0.064000 0.188667
0 0.553000 0.870000 0.091000 0.188000
0 0.687750 0.901667 0.092500 0.195333
0 0.767750 0.864000 0.107500 0.186667
0 0.780250 0.606667 0.102500 0.081333
0 0.653750 0.518667 0.055500 0.093333
0 0.758250 0.325667 0.033500 0.058000
0 0.843750 0.331000 0.071500 0.058000
0 0.928000 0.352667 0.074000 0.044000
0 0.904750 0.198000 0.051500 0.034667
0 0.949500 0.171333 0.073000 0.033333
0 0.937750 0.128333 0.044500 0.022000
0 0.898500 0.106000 0.017000 0.030667
0 0.945250 0.115000 0.045500 0.023333
0 0.984250 0.108333 0.022500 0.028667
0 0.950000 0.089000 0.038000 0.023333
0 0.947000 0.085000 0.043000 0.024667
0 0.947250 0.073333 0.042500 0.021333
0 0.983250 0.071333 0.033500 0.029333
0 0.925000 0.029000 0.033000 0.019333
0 0.845750 0.020000 0.031500 0.014667
