0 0.539286 0.264762 0.057143 0.127619
0 0.482857 0.081905 0.080000 0.129524
0 0.131071 0.038095 0.097857 0.059048
0 0.124643 0.467143 0.096429 0.060000
0 0.271429 0.562857 0.037143 0.102857
0 0.866071 0.696667 0.109286 0.058095
0 0.862500 0.623810 0.096429 0.051429
0 0.863214 0.556190 0.096429 0.055238
0 0.937857 0.461905 0.057143 0.139048
0 0.981786 0.464762 0.036429 0.131429
0 0.940357 0.325238 0.092143 0.077143
0 0.868929 0.968571 0.095000 0.060952
0 0.865000 0.902857 0.088571 0.057143
0 0.869286 0.833333 0.105714 0.062857
0 0.866429 0.765714 0.102857 0.064762
