0 0.031071 0.083333 0.030714 0.027619
0 0.072143 0.048571 0.038571 0.022857
0 0.089643 0.032381 0.027857 0.020952
0 0.150714 0.034286 0.017143 0.022857
0 0.132857 0.144762 0.022857 0.038095
0 0.170000 0.052381 0.015714 0.028571
0 0.204643 0.132381 0.016429 0.028571
0 0.208571 0.109524 0.018571 0.026667
0 0.210000 0.090476 0.021429 0.017143
0 0.214286 0.077619 0.021429 0.027619
0 0.218571 0.061429 0.015714 0.025714
0 0.283571 0.049048 0.015714 0.020000
0 0.272143 0.018571 0.011429 0.014286
0 0.266071 0.098095 0.023571 0.024762
0 0.349643 0.084762 0.016429 0.022857
0 0.473929 0.067143 0.046429 0.023810
0 0.597143 0.180476 0.052857 0.031429
0 0.628571 0.210000 0.061429 0.035238
0 0.932143 0.403333 0.070000 0.048571
0 0.630000 0.476667 0.092857 0.052381
0 0.125714 0.972381 0.068571 0.055238
