0 0.367432 0.899814 0.032359 0.046382
0 0.481994 0.520872 0.019311 0.036178
0 0.508873 0.558905 0.014614 0.043599
0 0.455637 0.399814 0.027140 0.016698
0 0.517745 0.358534 0.010438 0.019481
0 0.535491 0.396568 0.013570 0.036178
0 0.555063 0.421614 0.023486 0.023191
0 0.576200 0.526438 0.032359 0.026902
0 0.550626 0.636364 0.019833 0.051948
0 0.569937 0.785250 0.020877 0.058442
0 0.514614 0.200371 0.003132 0.009276
0 0.434238 0.543135 0.039666 0.032468
0 0.054541 0.572820 0.032881 0.047310
0 0.476775 0.217532 0.012004 0.013915
0 0.527401 0.228200 0.007829 0.016698
0 0.494259 0.248145 0.007307 0.013915
0 0.492693 0.239796 0.008351 0.015770
