0 0.402500 0.605238 0.022143 0.054286
0 0.400357 0.488095 0.017857 0.040952
0 0.386071 0.370000 0.013571 0.029524
0 0.396429 0.310476 0.014286 0.026667
0 0.402143 0.240000 0.012857 0.024762
0 0.392143 0.074286 0.008571 0.017143
0 0.399286 0.103333 0.008571 0.014286
0 0.392143 0.210476 0.011429 0.020952
0 0.551429 0.014762 0.011429 0.010476
0 0.591071 0.020476 0.012143 0.010476
0 0.527857 0.670000 0.042857 0.040952
0 0.555357 0.853810 0.059286 0.046667
0 0.551786 0.803333 0.059286 0.040952
0 0.725714 0.790476 0.062857 0.041905
0 0.735714 0.836667 0.061429 0.046667
0 0.747143 0.883333 0.058571 0.046667
