0 0.593424 0.495362 0.017745 0.040816
0 0.503653 0.349258 0.029228 0.032468
0 0.517484 0.301948 0.013048 0.032468
0 0.550626 0.297774 0.012526 0.025974
0 0.546451 0.279221 0.013570 0.024119
0 0.490344 0.246289 0.019311 0.019481
0 0.536795 0.244434 0.012004 0.017625
0 0.521921 0.192022 0.008351 0.016698
0 0.507829 0.172078 0.010438 0.015770
0 0.493215 0.166976 0.008351 0.014842
0 0.486430 0.151670 0.018789 0.013915
0 0.566806 0.128015 0.014614 0.014842
0 0.709290 0.518089 0.039666 0.038033
0 0.689196 0.753711 0.057933 0.049165
0 0.742693 0.215677 0.018789 0.023191
0 0.598382 0.041744 0.005741 0.009276
0 0.573069 0.011132 0.009395 0.007421
0 0.572808 0.009276 0.007829 0.011132
