0 0.237857 0.464467 0.052857 0.109137
0 0.508929 0.890863 0.063571 0.134518
0 0.488214 0.934010 0.060714 0.129442
0 0.450714 0.951777 0.060000 0.093909
0 0.538929 0.860406 0.067857 0.131980
0 0.598214 0.787437 0.050714 0.112944
0 0.689286 0.670685 0.052857 0.095178
0 0.706071 0.633883 0.060714 0.105330
0 0.516071 0.500000 0.052143 0.101523
0 0.541429 0.484137 0.052857 0.095178
0 0.559286 0.458122 0.052857 0.104061
0 0.581071 0.436548 0.050714 0.091371
0 0.604286 0.413706 0.051429 0.104061
0 0.407143 0.510787 0.048571 0.082487
0 0.417143 0.597716 0.051429 0.111675
0 0.357500 0.562183 0.043571 0.083756
0 0.295714 0.621193 0.045714 0.085025
0 0.333571 0.702411 0.057143 0.120558
0 0.494286 0.767766 0.055714 0.101523
0 0.406429 0.868020 0.058571 0.119289
0 0.132143 0.836929 0.077143 0.118020
0 0.481429 0.279822 0.050000 0.085025
0 0.583929 0.156091 0.040714 0.060914
0 0.208929 0.842005 0.076429 0.102792
0 0.223929 0.895939 0.076429 0.098985
0 0.119286 0.962563 0.082857 0.072335
0 0.177500 0.979061 0.075000 0.039340
0 0.817143 0.810914 0.064286 0.096447
0 0.773571 0.877538 0.068571 0.110406
0 0.744286 0.902284 0.071429 0.121827
0 0.723214 0.946066 0.075000 0.105330
0 0.696429 0.967640 0.061429 0.062183
0 0.799286 0.976523 0.050000 0.044416
0 0.832857 0.960660 0.068571 0.076142
0 0.950000 0.616117 0.054286 0.095178
0 0.883571 0.525381 0.062857 0.096447
0 0.837857 0.524112 0.062857 0.091371
