0 0.317143 0.721447 0.014286 0.052030
0 0.078214 0.085025 0.016429 0.035533
0 0.051429 0.178934 0.018571 0.035533
0 0.152143 0.389594 0.014286 0.040609
0 0.200000 0.362944 0.014286 0.045685
0 0.478929 0.052665 0.012143 0.034264
0 0.646071 0.010787 0.026429 0.021574
0 0.657143 0.052030 0.025714 0.025381
0 0.657500 0.071701 0.026429 0.024112
0 0.662857 0.092005 0.027143 0.024112
0 0.557143 0.352792 0.025714 0.035533
0 0.456786 0.406091 0.027857 0.022843
0 0.963929 0.927665 0.025000 0.058376
0 0.985357 0.928934 0.029286 0.063452
0 0.870714 0.760152 0.021429 0.053299
0 0.903929 0.743655 0.020714 0.050761
0 0.922857 0.737944 0.022857 0.054569
0 0.710714 0.942893 0.020000 0.050761
0 0.701429 0.878807 0.020000 0.054569
0 0.237500 0.756980 0.015000 0.054569
0 0.125714 0.698604 0.014286 0.049492
0 0.158929 0.850254 0.016429 0.048223
0 0.163214 0.486041 0.032143 0.025381
