0 0.176786 0.692381 0.033571 0.051429
0 0.273214 0.551905 0.036429 0.027619
0 0.243929 0.600952 0.033571 0.030476
0 0.205000 0.524762 0.035714 0.024762
0 0.221429 0.640476 0.038571 0.029524
0 0.291071 0.593810 0.030714 0.033333
0 0.340357 0.442857 0.016429 0.024762
0 0.330357 0.470000 0.019286 0.025714
0 0.296786 0.515714 0.023571 0.031429
0 0.420714 0.241905 0.015714 0.009524
0 0.458929 0.250952 0.013571 0.010476
0 0.444643 0.270952 0.020714 0.010476
0 0.484643 0.202857 0.015000 0.009524
0 0.492143 0.199048 0.015714 0.009524
0 0.495000 0.197143 0.012857 0.009524
0 0.456786 0.190000 0.006429 0.008571
0 0.466071 0.215714 0.017857 0.008571
0 0.464286 0.220952 0.014286 0.007619
0 0.478929 0.211429 0.015000 0.009524
0 0.468214 0.189048 0.006429 0.008571
0 0.450714 0.260000 0.015714 0.009524
0 0.505000 0.420000 0.014286 0.024762
0 0.480000 0.481905 0.014286 0.026667
0 0.711071 0.311429 0.012143 0.011429
0 0.128571 0.957143 0.062857 0.085714
0 0.163214 0.955238 0.045000 0.076190
0 0.177143 0.867619 0.044286 0.074286
0 0.777857 0.577143 0.025714 0.036190
0 0.962500 0.493810 0.032143 0.029524
0 0.918214 0.522381 0.027857 0.025714
0 0.904643 0.502381 0.026429 0.023810
0 0.087143 0.657619 0.050000 0.033333
0 0.011429 0.631429 0.022857 0.030476
0 0.364643 0.302381 0.017857 0.014286
