0 0.039666 0.292208 0.044885 0.037106
0 0.162578 0.253247 0.048539 0.038961
0 0.614562 0.348330 0.023486 0.045455
0 0.884395 0.966605 0.099687 0.064935
0 0.782098 0.954545 0.053758 0.089054
0 0.774269 0.849722 0.045407 0.120594
0 0.729123 0.564471 0.028184 0.075139
0 0.713466 0.363173 0.048017 0.039889
0 0.632307 0.260668 0.021399 0.042672
0 0.624478 0.224026 0.021399 0.043599
0 0.676409 0.183673 0.032359 0.042672
0 0.623173 0.185065 0.030271 0.038033
0 0.569154 0.191558 0.016180 0.034323
0 0.602557 0.073748 0.013048 0.032468
0 0.539666 0.064935 0.022965 0.037106
0 0.544624 0.031076 0.024530 0.030612
0 0.560282 0.016698 0.025574 0.025974
0 0.703810 0.011596 0.023486 0.021336
