0 0.215714 0.353333 0.027143 0.019048
0 0.025714 0.430476 0.045714 0.028571
0 0.231429 0.335714 0.027143 0.021905
0 0.471071 0.647143 0.096429 0.077143
0 0.239286 0.724762 0.125714 0.106667
0 0.188929 0.690476 0.116429 0.083810
0 0.320714 0.533810 0.081429 0.040952
0 0.597857 0.722857 0.112857 0.106667
0 0.547500 0.555238 0.070714 0.060952
0 0.556071 0.503810 0.069286 0.041905
0 0.625357 0.439524 0.052143 0.035238
0 0.706786 0.460000 0.050714 0.038095
0 0.719643 0.503333 0.060714 0.046667
0 0.639286 0.544762 0.067143 0.066667
0 0.809286 0.460000 0.055714 0.051429
0 0.295357 0.491905 0.063571 0.044762
0 0.364643 0.468095 0.059286 0.037143
0 0.423214 0.450000 0.056429 0.037143
0 0.465357 0.467619 0.055000 0.034286
0 0.532857 0.410000 0.038571 0.033333
0 0.568929 0.381905 0.035000 0.036190
0 0.607500 0.360476 0.037857 0.023810
0 0.586429 0.322381 0.011429 0.020000
0 0.814286 0.413333 0.038571 0.032381
0 0.871429 0.400952 0.037143 0.028571
0 0.918929 0.400476 0.037857 0.031429
0 0.935714 0.371905 0.030000 0.025714
0 0.970714 0.341429 0.022857 0.020000
0 0.968571 0.358095 0.028571 0.020952
0 0.973929 0.372857 0.029286 0.023810
0 0.983929 0.404286 0.029286 0.027619
0 0.960357 0.548095 0.059286 0.054286
0 0.950000 0.698095 0.100000 0.074286
0 0.933571 0.740000 0.132857 0.108571
0 0.924643 0.802857 0.150714 0.131429
0 0.889286 0.855714 0.151429 0.145714
0 0.852500 0.915714 0.149286 0.166667
0 0.576429 0.930476 0.135714 0.139048
