0 0.658929 0.806190 0.089286 0.214286
0 0.635714 0.610952 0.072857 0.157143
0 0.607143 0.465714 0.051429 0.097143
0 0.171071 0.893333 0.137857 0.211429
0 0.090000 0.396667 0.095714 0.065714
0 0.128214 0.354762 0.113571 0.058095
0 0.394286 0.421429 0.098571 0.077143
0 0.435357 0.343810 0.040714 0.072381
0 0.350714 0.551429 0.107143 0.135238
0 0.565000 0.159048 0.042857 0.040000
0 0.596429 0.135238 0.047143 0.036190
0 0.723214 0.198571 0.070714 0.040952
0 0.537857 0.063333 0.018571 0.023810
0 0.513214 0.019048 0.015000 0.020952
0 0.461071 0.077619 0.022143 0.035238
