0 0.139643 0.939524 0.076429 0.060000
0 0.150714 0.880952 0.070000 0.055238
0 0.157143 0.833810 0.058571 0.050476
0 0.344286 0.880952 0.065714 0.049524
0 0.343929 0.828571 0.059286 0.051429
0 0.595714 0.901429 0.044286 0.098095
0 0.701071 0.985238 0.062143 0.029524
0 0.489286 0.615238 0.028571 0.057143
0 0.433571 0.417143 0.018571 0.034286
0 0.206429 0.588571 0.052857 0.040000
0 0.123929 0.579524 0.049286 0.035238
0 0.138571 0.487619 0.025714 0.049524
0 0.168214 0.475714 0.025000 0.048571
0 0.219286 0.389048 0.041429 0.031429
0 0.218929 0.373810 0.036429 0.025714
0 0.337500 0.228095 0.035000 0.023810
0 0.306429 0.234762 0.025714 0.025714
0 0.154286 0.011429 0.011429 0.013333
0 0.123214 0.095238 0.015000 0.017143
0 0.164286 0.093810 0.012857 0.016190
0 0.168571 0.079048 0.011429 0.015238
0 0.171429 0.060952 0.011429 0.019048
0 0.177143 0.043810 0.010000 0.015238
0 0.146429 0.030952 0.008571 0.014286
0 0.814643 0.209524 0.022143 0.020952
0 0.840000 0.202381 0.022857 0.021905
0 0.729643 0.320952 0.032143 0.022857
0 0.719643 0.305238 0.030714 0.021905
0 0.566071 0.145714 0.025000 0.015238
0 0.560714 0.135714 0.025714 0.016190
0 0.553571 0.124286 0.024286 0.016190
0 0.539643 0.108095 0.025000 0.014286
0 0.537500 0.099524 0.020714 0.012381
0 0.529643 0.090952 0.023571 0.014286
0 0.500714 0.080476 0.022857 0.016190
0 0.517857 0.052857 0.012857 0.014286
