0 0.778967 0.447124 0.018267 0.027829
0 0.659969 0.884045 0.042276 0.070501
0 0.577244 0.840445 0.041754 0.074212
0 0.552453 0.671614 0.034969 0.042672
0 0.465814 0.648423 0.040188 0.064935
0 0.467380 0.561224 0.038100 0.027829
0 0.471033 0.544527 0.024530 0.037106
0 0.451722 0.545455 0.024530 0.040816
0 0.448852 0.496289 0.018789 0.027829
0 0.430063 0.551484 0.029228 0.032468
0 0.417537 0.546846 0.033403 0.032468
0 0.425626 0.525510 0.058977 0.041744
0 0.398747 0.583024 0.020877 0.045455
0 0.384395 0.596939 0.024530 0.043599
0 0.387004 0.566327 0.031837 0.041744
0 0.413100 0.575139 0.020355 0.033395
0 0.384656 0.557050 0.032359 0.039889
0 0.381785 0.547774 0.033925 0.030612
0 0.382307 0.535714 0.030793 0.034323
0 0.376827 0.514378 0.026096 0.036178
0 0.371868 0.504174 0.026618 0.032468
0 0.408664 0.504638 0.028184 0.033395
0 0.406315 0.493506 0.029749 0.029685
0 0.433194 0.499536 0.020877 0.034323
0 0.412317 0.483766 0.028184 0.032468
0 0.446764 0.464286 0.030271 0.025046
0 0.415188 0.451763 0.014092 0.031540
0 0.387004 0.469388 0.034969 0.025974
0 0.384134 0.459184 0.032359 0.022263
0 0.381785 0.451299 0.031837 0.021336
0 0.359603 0.238404 0.020877 0.016698
0 0.225992 0.055659 0.005219 0.009276
