0 0.498173 0.804267 0.023486 0.079777
0 0.491910 0.725417 0.023486 0.074212
0 0.466075 0.736085 0.020877 0.073284
0 0.435021 0.738868 0.023486 0.078850
0 0.408142 0.743043 0.021921 0.070501
0 0.453288 0.515770 0.019311 0.048237
0 0.473643 0.500000 0.013048 0.035250
0 0.468163 0.462430 0.022965 0.045455
0 0.450157 0.466141 0.016180 0.045455
0 0.446764 0.419295 0.015658 0.048237
0 0.463987 0.367347 0.013570 0.037106
0 0.456681 0.319109 0.014614 0.035250
0 0.454854 0.269017 0.014092 0.033395
0 0.614040 0.268089 0.017223 0.027829
0 0.633090 0.264842 0.017745 0.026902
0 0.652923 0.262987 0.019833 0.036178
0 0.746608 0.477273 0.029749 0.045455
0 0.848382 0.263915 0.022443 0.030612
0 0.835595 0.271800 0.024008 0.031540
0 0.788622 0.238868 0.030271 0.026902
0 0.730428 0.244434 0.025574 0.026902
0 0.728079 0.196660 0.026096 0.027829
0 0.734342 0.185529 0.021921 0.020408
0 0.747912 0.180891 0.021921 0.024119
0 0.783925 0.167440 0.021921 0.032468
0 0.796712 0.203154 0.027662 0.022263
0 0.657359 0.110390 0.019311 0.020408
0 0.540188 0.115028 0.022965 0.016698
0 0.442067 0.076531 0.011482 0.028757
0 0.397443 0.085343 0.016180 0.018553
0 0.405010 0.079314 0.018789 0.017625
0 0.409447 0.072820 0.015136 0.013915
0 0.414144 0.067718 0.016180 0.014842
0 0.370303 0.157236 0.022443 0.019481
0 0.362474 0.172542 0.021399 0.018553
0 0.383612 0.449443 0.036534 0.026902
0 0.382829 0.468460 0.034969 0.020408
0 0.386743 0.490724 0.037578 0.033395
0 0.383873 0.520872 0.037056 0.026902
0 0.386482 0.541744 0.039144 0.020408
0 0.602296 0.008813 0.008351 0.013915
