0 0.606429 0.930203 0.041429 0.137056
0 0.914286 0.954949 0.045714 0.087563
0 0.950000 0.821066 0.048571 0.104061
0 0.813214 0.517132 0.045000 0.069797
0 0.806071 0.479061 0.043571 0.064721
0 0.780000 0.368020 0.040000 0.055838
0 0.771786 0.335660 0.037857 0.054569
0 0.788571 0.277919 0.037143 0.053299
0 0.813214 0.151650 0.029286 0.046954
0 0.791071 0.194797 0.040714 0.049492
0 0.846786 0.654188 0.047857 0.074873
0 0.455714 0.614213 0.030000 0.096447
0 0.390357 0.918782 0.036429 0.121827
0 0.414286 0.411802 0.030000 0.079949
0 0.417143 0.215736 0.022857 0.058376
0 0.370714 0.292513 0.025714 0.079949
0 0.455000 0.364848 0.028571 0.079949
0 0.540000 0.030457 0.020000 0.053299
0 0.913571 0.129442 0.027143 0.040609
0 0.922857 0.048223 0.034286 0.030457
0 0.748929 0.277284 0.035000 0.029188
