0 0.146786 0.794762 0.065000 0.042857
0 0.171786 0.749524 0.066429 0.043810
0 0.192500 0.715238 0.063571 0.045714
0 0.731071 0.818571 0.040714 0.086667
0 0.684286 0.477143 0.017143 0.028571
0 0.701786 0.531429 0.023571 0.036190
0 0.672143 0.422381 0.015714 0.025714
0 0.379286 0.630000 0.028571 0.042857
0 0.398571 0.587619 0.020000 0.034286
0 0.437857 0.509048 0.020000 0.031429
0 0.729286 0.227619 0.004286 0.005714
0 0.650000 0.185238 0.004286 0.004762
0 0.646786 0.183333 0.003571 0.004762
