0 0.388571 0.037619 0.022857 0.075238
0 0.319643 0.107619 0.047857 0.066667
0 0.357857 0.182857 0.022857 0.060952
0 0.400714 0.221429 0.025714 0.080952
0 0.456071 0.239524 0.022143 0.080952
0 0.541429 0.678095 0.028571 0.089524
0 0.551429 0.868571 0.024286 0.087619
0 0.292857 0.970952 0.031429 0.058095
0 0.297500 0.327143 0.026429 0.094286
0 0.323571 0.530000 0.031429 0.082857
0 0.315000 0.634762 0.032857 0.088571
0 0.081786 0.488095 0.075000 0.037143
0 0.104286 0.380952 0.068571 0.036190
0 0.032500 0.386190 0.063571 0.040952
