0 0.297750 0.740667 0.203500 0.253333
0 0.485000 0.563333 0.060000 0.114667
0 0.367250 0.423333 0.044500 0.069333
0 0.466750 0.429000 0.043500 0.082000
0 0.419500 0.396000 0.061000 0.045333
0 0.541500 0.343667 0.034000 0.046000
0 0.531500 0.322667 0.030000 0.044000
0 0.433750 0.344667 0.025500 0.045333
0 0.759250 0.417333 0.073500 0.069333
0 0.953250 0.491333 0.093500 0.080000
0 0.891500 0.401000 0.078000 0.056667
0 0.910750 0.390000 0.074500 0.061333
0 0.867500 0.367333 0.064000 0.040000
0 0.983000 0.364667 0.034000 0.042667
0 0.885250 0.329000 0.066500 0.040667
0 0.292250 0.341000 0.044500 0.042000
0 0.279250 0.320000 0.031500 0.028000
0 0.268750 0.297667 0.023500 0.032667
0 0.307000 0.274667 0.022000 0.022667
0 0.328000 0.257333 0.019000 0.024000
0 0.247250 0.293667 0.030500 0.030000
0 0.210500 0.292000 0.036000 0.025333
0 0.242250 0.283000 0.026500 0.023333
0 0.256250 0.269667 0.024500 0.023333
0 0.272000 0.259333 0.020000 0.020000
0 0.284500 0.245000 0.020000 0.022000
0 0.293250 0.238333 0.014500 0.020667
0 0.302000 0.234000 0.015000 0.016000
0 0.308750 0.226333 0.016500 0.016667
0 0.328500 0.210667 0.014000 0.017333
0 0.316500 0.222000 0.013000 0.014667
0 0.200500 0.277000 0.024000 0.022000
0 0.208000 0.265333 0.021000 0.026667
0 0.117750 0.491333 0.048500 0.060000
0 0.034000 0.502333 0.068000 0.058000
