0 0.077143 0.299048 0.014286 0.007619
0 0.098214 0.339524 0.013571 0.006667
0 0.099643 0.349048 0.013571 0.008571
0 0.102143 0.351905 0.012857 0.008571
0 0.074286 0.511905 0.010000 0.014286
0 0.105000 0.510952 0.017143 0.012381
0 0.118571 0.495714 0.008571 0.014286
0 0.133929 0.554286 0.009286 0.015238
0 0.149643 0.567143 0.009286 0.018095
0 0.172500 0.523810 0.017857 0.011429
0 0.174643 0.528095 0.015000 0.010476
0 0.177500 0.532857 0.013571 0.010476
0 0.178214 0.539524 0.012143 0.010476
0 0.182500 0.555238 0.015000 0.009524
0 0.183929 0.563810 0.017857 0.013333
0 0.184643 0.574762 0.016429 0.010476
0 0.186429 0.583810 0.020000 0.011429
0 0.088571 0.832857 0.015714 0.027619
0 0.512500 0.551905 0.013571 0.014286
0 0.527143 0.543333 0.015714 0.014286
0 0.572500 0.512857 0.013571 0.014286
0 0.596786 0.496667 0.010714 0.010476
0 0.722857 0.468571 0.011429 0.011429
0 0.765714 0.490952 0.010000 0.010476
