0 0.833214 0.516497 0.075000 0.065990
0 0.958929 0.463832 0.073571 0.085025
0 0.763571 0.391497 0.030000 0.092640
0 0.725357 0.402284 0.033571 0.096447
0 0.688929 0.415609 0.032143 0.097716
0 0.643929 0.455584 0.037857 0.101523
0 0.914286 0.282995 0.050000 0.053299
0 0.631071 0.239848 0.030714 0.086294
0 0.593929 0.378807 0.036429 0.097716
0 0.632500 0.085660 0.029286 0.059645
0 0.510000 0.755711 0.052857 0.123096
0 0.319286 0.743655 0.071429 0.088832
0 0.065357 0.550127 0.043571 0.059645
0 0.308571 0.331853 0.040000 0.069797
0 0.382143 0.478426 0.054286 0.058376
