0 0.418929 0.826190 0.020714 0.025714
0 0.557143 0.838095 0.024286 0.024762
0 0.370714 0.744762 0.017143 0.019048
0 0.446786 0.591429 0.009286 0.020952
0 0.814286 0.621905 0.012857 0.015238
0 0.827500 0.606667 0.015000 0.019048
0 0.646429 0.757619 0.020000 0.021905
0 0.084286 0.397143 0.010000 0.011429
0 0.105357 0.417619 0.012143 0.012381
0 0.042857 0.326190 0.008571 0.010476
0 0.126786 0.283810 0.006429 0.009524
0 0.020357 0.270000 0.007857 0.008571
0 0.029643 0.293810 0.006429 0.010476
0 0.122500 0.276190 0.006429 0.009524
0 0.592857 0.822381 0.018571 0.027619
0 0.493929 0.265238 0.010714 0.006667
0 0.013214 0.244286 0.007857 0.008571
0 0.008929 0.164762 0.005000 0.007619
0 0.675000 0.438095 0.014286 0.007619
