0 0.252500 0.952857 0.085000 0.052381
0 0.351429 0.862857 0.078571 0.095238
0 0.502143 0.664762 0.034286 0.081905
0 0.784286 0.700000 0.070000 0.081905
0 0.750714 0.943333 0.082857 0.058095
0 0.946071 0.919048 0.099286 0.060952
0 0.975714 0.705714 0.048571 0.097143
0 0.938571 0.717143 0.047143 0.097143
0 0.488214 0.547143 0.032143 0.086667
0 0.515357 0.024286 0.055000 0.035238
0 0.518929 0.049048 0.052143 0.046667
0 0.553929 0.070476 0.053571 0.036190
0 0.528571 0.125238 0.057143 0.040952
0 0.460000 0.071429 0.022857 0.055238
0 0.460000 0.126667 0.025714 0.059048
0 0.437143 0.206190 0.025714 0.061905
0 0.475000 0.282857 0.025714 0.070476
0 0.406071 0.180000 0.027857 0.085714
