0 0.589286 0.921905 0.030000 0.080000
0 0.518571 0.366190 0.022857 0.067619
0 0.506071 0.276667 0.023571 0.065714
0 0.467143 0.169048 0.025714 0.061905
0 0.158571 0.642381 0.054286 0.027619
0 0.475357 0.863810 0.027857 0.074286
0 0.574286 0.820476 0.027143 0.071429
0 0.562857 0.743810 0.025714 0.068571
0 0.560714 0.668095 0.025714 0.071429
0 0.841429 0.510476 0.055714 0.041905
0 0.462857 0.774762 0.028571 0.075238
0 0.449286 0.696667 0.030000 0.073333
0 0.528571 0.456190 0.025714 0.066667
0 0.417857 0.117143 0.028571 0.072381
0 0.425714 0.530476 0.045714 0.059048
0 0.311786 0.589048 0.053571 0.035238
0 0.257143 0.664762 0.048571 0.036190
0 0.173571 0.687619 0.050000 0.040000
0 0.238571 0.630000 0.057143 0.033333
0 0.059643 0.611429 0.056429 0.038095
0 0.245357 0.567619 0.056429 0.034286
