0 0.011786 0.544416 0.017857 0.043147
0 0.035357 0.543782 0.017857 0.031726
0 0.059286 0.530457 0.018571 0.038071
0 0.078571 0.522843 0.020000 0.045685
0 0.104286 0.520939 0.020000 0.041878
0 0.127500 0.514594 0.020714 0.044416
0 0.148571 0.508249 0.017143 0.039340
0 0.171429 0.493655 0.018571 0.050761
0 0.190000 0.493655 0.021429 0.040609
0 0.207857 0.488579 0.020000 0.038071
0 0.197143 0.558376 0.038571 0.027919
0 0.244643 0.550127 0.035000 0.026650
0 0.318214 0.465736 0.022143 0.027919
0 0.330000 0.445431 0.020000 0.022843
0 0.345714 0.425127 0.018571 0.022843
0 0.364286 0.401650 0.014286 0.019036
0 0.373929 0.382614 0.013571 0.021574
0 0.429286 0.288706 0.011429 0.016497
0 0.488929 0.153553 0.005000 0.010152
0 0.468214 0.202411 0.007857 0.013959
0 0.472500 0.196701 0.009286 0.012690
0 0.484286 0.175127 0.008571 0.012690
0 0.523571 0.133249 0.005714 0.007614
0 0.527143 0.111041 0.007143 0.006345
0 0.529286 0.119924 0.007143 0.008883
0 0.552143 0.128173 0.005714 0.007614
0 0.544643 0.236675 0.006429 0.011421
0 0.570357 0.270305 0.006429 0.012690
0 0.622500 0.390863 0.019286 0.020305
0 0.588571 0.253173 0.005714 0.008883
0 0.972500 0.763325 0.039286 0.034264
