0 0.175357 0.901015 0.043571 0.096447
0 0.385357 0.788706 0.029286 0.079949
0 0.272857 0.734772 0.031429 0.091371
0 0.502500 0.784898 0.026429 0.102792
0 0.016429 0.479695 0.032857 0.045685
0 0.141786 0.578046 0.070714 0.052030
0 0.287500 0.487944 0.062143 0.046954
0 0.468571 0.606599 0.064286 0.055838
0 0.592143 0.557107 0.067143 0.050761
0 0.637143 0.503173 0.065714 0.052030
0 0.726071 0.356599 0.022143 0.053299
0 0.629643 0.034898 0.015000 0.026650
0 0.613929 0.011421 0.015000 0.022843
0 0.553929 0.079315 0.016429 0.026650
0 0.617500 0.136421 0.015000 0.041878
0 0.518571 0.456218 0.020000 0.069797
