0 0.051786 0.563452 0.037857 0.040609
0 0.121429 0.455584 0.032857 0.032995
0 0.265714 0.395305 0.024286 0.041878
0 0.633929 0.711294 0.030714 0.034264
0 0.391429 0.555203 0.030000 0.026650
0 0.623571 0.590102 0.021429 0.038071
0 0.647500 0.561548 0.023571 0.036802
0 0.656071 0.616117 0.026429 0.039340
0 0.673929 0.618020 0.022143 0.045685
0 0.688214 0.625635 0.022143 0.050761
0 0.701429 0.644036 0.024286 0.041878
0 0.720714 0.674492 0.031429 0.031726
0 0.688929 0.582487 0.020714 0.043147
0 0.701786 0.587563 0.019286 0.040609
0 0.877500 0.710660 0.039286 0.050761
0 0.887143 0.736675 0.035714 0.039340
0 0.912143 0.758883 0.032857 0.048223
0 0.987143 0.809010 0.025714 0.041878
0 0.738929 0.500000 0.016429 0.040609
0 0.762143 0.491751 0.014286 0.029188
0 0.574286 0.509518 0.025714 0.024112
0 0.516071 0.483503 0.027857 0.030457
0 0.503571 0.458756 0.028571 0.031726
0 0.607143 0.446066 0.025714 0.026650
0 0.620000 0.417513 0.024286 0.020305
0 0.625357 0.395939 0.026429 0.022843
0 0.636429 0.369924 0.024286 0.024112
0 0.637500 0.357868 0.020714 0.017766
0 0.641429 0.348350 0.018571 0.016497
0 0.636429 0.287437 0.015714 0.024112
0 0.622857 0.272208 0.015714 0.024112
0 0.606786 0.215736 0.010714 0.020305
0 0.618214 0.195431 0.010714 0.017766
0 0.625714 0.168782 0.017143 0.015228
0 0.629286 0.161168 0.015714 0.017766
0 0.646786 0.148477 0.017857 0.020305
0 0.657143 0.178934 0.017143 0.015228
0 0.658214 0.141497 0.015000 0.016497
0 0.663214 0.137690 0.015000 0.016497
0 0.673571 0.126904 0.014286 0.020305
0 0.730714 0.121827 0.014286 0.012690
0 0.736786 0.114213 0.013571 0.012690
0 0.739286 0.109772 0.014286 0.011421
0 0.733214 0.095812 0.009286 0.013959
0 0.570714 0.075508 0.012857 0.019036
