0 0.608571 0.311429 0.021429 0.017143
0 0.585000 0.314286 0.017143 0.011429
0 0.664643 0.356667 0.012143 0.016190
0 0.610000 0.451905 0.027143 0.025714
0 0.607500 0.513333 0.015000 0.032381
0 0.603571 0.485238 0.012857 0.027619
0 0.612500 0.397143 0.023571 0.013333
0 0.678929 0.444762 0.027857 0.017143
0 0.400000 0.502381 0.020000 0.027619
0 0.416786 0.470952 0.019286 0.023810
0 0.614286 0.434286 0.030000 0.019048
0 0.613571 0.411905 0.024286 0.018095
0 0.579286 0.352857 0.008571 0.012381
0 0.655000 0.305238 0.017143 0.012381
0 0.568929 0.341429 0.006429 0.014286
0 0.655000 0.299524 0.018571 0.010476
0 0.580714 0.342857 0.008571 0.011429
0 0.558571 0.258571 0.012857 0.006667
0 0.577143 0.234286 0.005714 0.007619
0 0.577500 0.246667 0.006429 0.007619
0 0.082500 0.459048 0.036429 0.015238
0 0.087143 0.446667 0.035714 0.013333
