0 0.062143 0.008883 0.017143 0.017766
0 0.034286 0.145939 0.022857 0.055838
0 0.007500 0.150381 0.015000 0.054569
0 0.212143 0.100254 0.012857 0.038071
0 0.228214 0.100888 0.012143 0.041878
0 0.313929 0.100888 0.015000 0.044416
0 0.330357 0.097081 0.015000 0.039340
0 0.346786 0.095812 0.015000 0.039340
0 0.368214 0.090736 0.013571 0.041878
0 0.279643 0.104061 0.012143 0.043147
0 0.243571 0.094543 0.012857 0.026650
0 0.419286 0.089467 0.012857 0.039340
0 0.403929 0.259518 0.032143 0.031726
0 0.339643 0.522208 0.043571 0.029188
0 0.868214 0.020939 0.016429 0.039340
0 0.960357 0.408629 0.042143 0.032995
0 0.568214 0.293782 0.036429 0.034264
0 0.628571 0.297589 0.035714 0.026650
0 0.691429 0.292513 0.037143 0.031726
0 0.682500 0.326777 0.039286 0.029188
0 0.616786 0.328680 0.040714 0.030457
