0 0.813214 0.875000 0.053571 0.041878
0 0.702500 0.828680 0.050714 0.043147
0 0.548929 0.682741 0.020714 0.078680
0 0.518571 0.729061 0.020000 0.082487
0 0.489643 0.686548 0.017857 0.076142
0 0.458214 0.624365 0.020714 0.068528
0 0.520714 0.477792 0.017143 0.064721
0 0.484286 0.239848 0.017143 0.053299
0 0.560357 0.099619 0.015000 0.046954
0 0.498571 0.046320 0.015714 0.046954
0 0.249286 0.531091 0.042857 0.057107
0 0.303571 0.468274 0.037143 0.055838
0 0.078214 0.881980 0.046429 0.048223
