0 0.096429 0.950508 0.030000 0.058376
0 0.407857 0.957487 0.022857 0.057107
0 0.444286 0.956853 0.020000 0.053299
0 0.493929 0.967640 0.022143 0.062183
0 0.468571 0.953046 0.021429 0.065990
0 0.641786 0.984772 0.023571 0.027919
0 0.703214 0.760787 0.022143 0.044416
0 0.121429 0.876269 0.027143 0.052030
0 0.937857 0.369289 0.030000 0.030457
0 0.898929 0.043782 0.013571 0.024112
0 0.845357 0.055203 0.016429 0.024112
0 0.853571 0.088832 0.011429 0.020305
0 0.796429 0.209391 0.015714 0.030457
0 0.757143 0.190355 0.015714 0.030457
0 0.748214 0.128807 0.013571 0.021574
0 0.758214 0.029822 0.016429 0.021574
0 0.781429 0.281091 0.027143 0.024112
0 0.514643 0.081853 0.020714 0.021574
0 0.718929 0.332487 0.016429 0.032995
0 0.697857 0.443528 0.020000 0.044416
0 0.666071 0.598985 0.022143 0.045685
0 0.578929 0.407995 0.017857 0.039340
0 0.563929 0.524112 0.016429 0.038071
0 0.604643 0.243020 0.013571 0.021574
0 0.596786 0.303299 0.016429 0.027919
0 0.583214 0.229061 0.016429 0.034264
0 0.583929 0.279822 0.017857 0.029188
0 0.554286 0.240482 0.017143 0.029188
0 0.567500 0.215102 0.012143 0.024112
0 0.548214 0.209391 0.016429 0.027919
0 0.529286 0.197335 0.018571 0.029188
0 0.531429 0.234772 0.015714 0.022843
0 0.559643 0.329315 0.016429 0.026650
0 0.540000 0.374365 0.015714 0.027919
0 0.520714 0.302665 0.017143 0.026650
0 0.498571 0.249365 0.017143 0.024112
0 0.535357 0.328046 0.016429 0.029188
0 0.556071 0.282360 0.016429 0.026650
0 0.539286 0.266497 0.018571 0.027919
0 0.482143 0.282995 0.014286 0.022843
0 0.489643 0.322970 0.015000 0.034264
0 0.430000 0.352157 0.015714 0.031726
0 0.390714 0.577411 0.017143 0.043147
0 0.426786 0.777284 0.019286 0.046954
0 0.565714 0.673223 0.017143 0.046954
0 0.556429 0.770939 0.021429 0.054569
0 0.532500 0.840736 0.023571 0.057107
0 0.152857 0.760152 0.027143 0.053299
0 0.171786 0.693528 0.020714 0.049492
0 0.183571 0.633249 0.020000 0.040609
0 0.197500 0.578046 0.017857 0.036802
0 0.210000 0.515228 0.015714 0.035533
0 0.217500 0.464467 0.016429 0.032995
0 0.300357 0.295051 0.015000 0.026650
0 0.227857 0.418782 0.014286 0.035533
0 0.399286 0.017132 0.020000 0.019036
