0 0.226786 0.088198 0.027857 0.031726
0 0.182857 0.126904 0.030000 0.032995
0 0.330714 0.170685 0.031429 0.026650
0 0.327143 0.199239 0.027143 0.025381
0 0.285357 0.198604 0.032143 0.019036
0 0.237857 0.172589 0.031429 0.025381
0 0.204286 0.216371 0.032857 0.026650
0 0.252143 0.273477 0.030000 0.024112
0 0.288571 0.246827 0.027143 0.024112
0 0.339286 0.276015 0.034286 0.026650
0 0.336786 0.246193 0.029286 0.025381
0 0.303214 0.224619 0.026429 0.022843
0 0.248929 0.249365 0.032143 0.024112
0 0.208571 0.272843 0.031429 0.027919
0 0.192857 0.242386 0.034286 0.025381
0 0.168571 0.270305 0.031429 0.022843
0 0.251429 0.220812 0.031429 0.025381
0 0.406071 0.213832 0.013571 0.039340
0 0.392143 0.016497 0.014286 0.032995
0 0.418929 0.052030 0.013571 0.038071
0 0.490357 0.013959 0.013571 0.027919
0 0.471786 0.009518 0.012143 0.019036
0 0.412857 0.418147 0.015714 0.044416
0 0.441429 0.500000 0.015714 0.040609
0 0.399286 0.925127 0.018571 0.073604
0 0.427857 0.787437 0.017143 0.062183
0 0.713571 0.095178 0.014286 0.040609
0 0.739286 0.096447 0.011429 0.032995
0 0.754286 0.096447 0.014286 0.032995
0 0.644643 0.361041 0.033571 0.021574
0 0.630000 0.332487 0.031429 0.025381
0 0.759643 0.364213 0.033571 0.025381
0 0.813929 0.368655 0.032143 0.029188
0 0.917143 0.371193 0.028571 0.021574
0 0.901786 0.337563 0.035000 0.022843
0 0.955714 0.194162 0.032857 0.025381
0 0.874286 0.098985 0.015714 0.040609
0 0.902143 0.102157 0.015714 0.036802
