0 0.013929 0.113333 0.027857 0.040000
0 0.062500 0.246667 0.035000 0.020952
0 0.148214 0.242857 0.027857 0.019048
0 0.054286 0.350000 0.034286 0.018095
0 0.130000 0.435714 0.032857 0.021905
0 0.049286 0.422381 0.035714 0.020000
0 0.047857 0.460000 0.031429 0.019048
0 0.123571 0.485714 0.032857 0.019048
0 0.042143 0.509048 0.034286 0.020000
0 0.444643 0.019524 0.029286 0.021905
0 0.436429 0.132857 0.030000 0.020000
0 0.433214 0.171429 0.032143 0.019048
0 0.511071 0.145714 0.030714 0.020952
0 0.436786 0.106667 0.030714 0.024762
0 0.415714 0.305238 0.025714 0.020000
0 0.414643 0.328095 0.026429 0.018095
0 0.489643 0.408095 0.036429 0.020000
0 0.404286 0.441905 0.031429 0.019048
0 0.487143 0.430000 0.028571 0.018095
0 0.484286 0.454286 0.032857 0.020952
0 0.401071 0.505714 0.032143 0.019048
0 0.413214 0.350000 0.030714 0.020000
0 0.411071 0.372381 0.032143 0.020952
0 0.410000 0.397619 0.031429 0.020000
0 0.406786 0.419524 0.025000 0.018095
0 0.497143 0.337143 0.031429 0.020952
0 0.480000 0.492857 0.031429 0.020000
0 0.743929 0.035238 0.015000 0.041905
0 0.771071 0.465238 0.016429 0.040952
0 0.690000 0.314762 0.015714 0.042857
0 0.739643 0.350952 0.016429 0.037143
0 0.703929 0.545714 0.016429 0.038095
0 0.651786 0.730000 0.013571 0.040952
0 0.685000 0.775714 0.015714 0.042857
0 0.645000 0.790952 0.014286 0.040952
0 0.777500 0.872857 0.015000 0.040952
0 0.641071 0.879048 0.013571 0.040000
0 0.632857 0.937143 0.012857 0.038095
0 0.670357 0.985238 0.013571 0.027619
0 0.357143 0.905714 0.027143 0.019048
0 0.545714 0.795714 0.020000 0.046667
0 0.376071 0.800000 0.023571 0.017143
0 0.380714 0.730000 0.034286 0.021905
0 0.462857 0.716667 0.028571 0.018095
0 0.383929 0.683810 0.029286 0.019048
0 0.457143 0.785238 0.028571 0.018095
0 0.478929 0.515714 0.032143 0.020000
0 0.478214 0.562381 0.032143 0.018095
0 0.473214 0.588571 0.026429 0.019048
0 0.469286 0.631429 0.032857 0.020952
0 0.465357 0.693810 0.029286 0.018095
0 0.521071 0.544762 0.029286 0.020952
0 0.392500 0.645714 0.035000 0.022857
0 0.392857 0.598095 0.031429 0.017143
0 0.520714 0.592857 0.031429 0.020000
