0 0.793214 0.400000 0.016429 0.036190
0 0.673571 0.481429 0.018571 0.044762
0 0.732500 0.533810 0.026429 0.046667
0 0.753571 0.514286 0.020000 0.045714
0 0.775357 0.494762 0.019286 0.040952
0 0.759286 0.424762 0.018571 0.038095
0 0.794643 0.480476 0.023571 0.042857
0 0.589286 0.939524 0.050000 0.082857
0 0.658929 0.810952 0.045000 0.067619
0 0.477500 0.702381 0.036429 0.058095
0 0.337500 0.420952 0.025000 0.038095
0 0.298571 0.347143 0.020000 0.033333
0 0.361429 0.316190 0.022857 0.028571
0 0.345000 0.292857 0.021429 0.027619
0 0.330714 0.269048 0.018571 0.025714
0 0.290357 0.318095 0.022143 0.028571
0 0.277500 0.298095 0.017857 0.024762
0 0.107143 0.469048 0.042857 0.039048
0 0.249286 0.134286 0.012857 0.017143
0 0.199286 0.142381 0.011429 0.014286
0 0.375000 0.497619 0.025714 0.044762
0 0.354286 0.458095 0.025714 0.041905
0 0.263571 0.270476 0.020000 0.030476
0 0.251071 0.242857 0.022143 0.032381
0 0.183214 0.114286 0.015000 0.015238
