0 0.217641 0.182746 0.013570 0.011132
0 0.138570 0.351577 0.023486 0.024119
0 0.131785 0.358071 0.026618 0.022263
0 0.126566 0.365492 0.032881 0.024119
0 0.213466 0.422542 0.017745 0.028757
0 0.215031 0.504638 0.030271 0.040816
0 0.249739 0.495826 0.029749 0.052876
0 0.055324 0.516234 0.045929 0.034323
0 0.406837 0.813080 0.078810 0.054731
0 0.394572 0.715677 0.053236 0.049165
0 0.550104 0.469852 0.040710 0.038033
0 0.590814 0.467532 0.032359 0.033395
0 0.579071 0.557514 0.050626 0.035250
0 0.668319 0.424397 0.031837 0.032468
0 0.711117 0.396568 0.026618 0.026902
0 0.635438 0.535250 0.037056 0.040816
0 0.756524 0.488404 0.042276 0.038033
0 0.932672 0.634508 0.056367 0.063080
0 0.966075 0.591373 0.044885 0.043599
