0 0.602143 0.228426 0.017143 0.045685
0 0.573571 0.092005 0.018571 0.031726
0 0.552857 0.046320 0.027143 0.029188
0 0.601071 0.147208 0.013571 0.050761
0 0.592857 0.114848 0.015714 0.036802
0 0.037500 0.727792 0.075000 0.090102
0 0.456071 0.956853 0.033571 0.083756
0 0.604643 0.832487 0.032143 0.106599
0 0.647143 0.814086 0.028571 0.100254
0 0.040714 0.299492 0.025714 0.048223
0 0.018214 0.236041 0.025000 0.048223
0 0.070357 0.220812 0.019286 0.043147
0 0.009643 0.349619 0.019286 0.064721
0 0.011071 0.311548 0.022143 0.052030
0 0.283571 0.055203 0.014286 0.029188
0 0.287143 0.037437 0.027143 0.021574
0 0.228929 0.077411 0.035000 0.020305
0 0.227857 0.062183 0.034286 0.015228
0 0.286429 0.029188 0.030000 0.025381
0 0.281071 0.020305 0.029286 0.027919
