0 0.106429 0.505714 0.042857 0.028571
0 0.594643 0.963810 0.029286 0.072381
0 0.533214 0.019524 0.007857 0.014286
0 0.516429 0.167143 0.008571 0.029524
0 0.515000 0.149524 0.011429 0.022857
0 0.511429 0.053333 0.008571 0.019048
0 0.510714 0.037619 0.010000 0.020000
0 0.580714 0.520476 0.041429 0.025714
0 0.482500 0.503810 0.042143 0.026667
0 0.208929 0.507619 0.042143 0.026667
0 0.014643 0.504286 0.029286 0.023810
0 0.554643 0.402857 0.017857 0.036190
0 0.593929 0.343810 0.015000 0.028571
0 0.523214 0.359048 0.015000 0.030476
0 0.521786 0.261905 0.013571 0.024762
0 0.511786 0.093333 0.009286 0.019048
0 0.513929 0.078571 0.007857 0.021905
0 0.512500 0.069048 0.006429 0.014286
0 0.561429 0.123810 0.018571 0.017143
0 0.557857 0.094762 0.010000 0.016190
0 0.555357 0.080952 0.010714 0.015238
0 0.552857 0.068095 0.011429 0.016190
0 0.534643 0.049048 0.007857 0.020000
0 0.515357 0.132857 0.009286 0.020000
0 0.588571 0.105238 0.021429 0.014286
0 0.866786 0.467143 0.042143 0.021905
