0 0.134643 0.817143 0.073571 0.102857
0 0.287500 0.774762 0.080714 0.096190
0 0.333214 0.632381 0.065000 0.081905
0 0.246786 0.536667 0.062143 0.067619
0 0.129643 0.673333 0.067857 0.085714
0 0.028929 0.524762 0.057857 0.066667
0 0.105000 0.532857 0.054286 0.067619
0 0.033214 0.434762 0.050714 0.056190
0 0.270000 0.879048 0.080000 0.104762
0 0.957857 0.119048 0.045714 0.068571
0 0.877500 0.237143 0.035000 0.047619
0 0.961786 0.178095 0.045000 0.030476
0 0.030000 0.039524 0.020000 0.023810
