0 0.466786 0.128571 0.033571 0.051429
0 0.504286 0.122857 0.030000 0.060952
0 0.781786 0.011429 0.050714 0.020952
0 0.409286 0.959048 0.084286 0.053333
0 0.450000 0.779048 0.060000 0.078095
0 0.422500 0.888095 0.086429 0.067619
0 0.311786 0.949048 0.055000 0.100000
0 0.270000 0.544762 0.057143 0.078095
0 0.453214 0.308571 0.029286 0.066667
0 0.439643 0.387143 0.035000 0.069524
0 0.417857 0.486190 0.038571 0.082857
0 0.473929 0.578095 0.072143 0.051429
0 0.488929 0.522381 0.070714 0.046667
0 0.447857 0.673810 0.065714 0.048571
0 0.331429 0.696667 0.047143 0.098095
0 0.294643 0.671905 0.047857 0.101905
0 0.885357 0.077619 0.050714 0.029524
0 0.953571 0.089048 0.052857 0.037143
