0 0.093929 0.428934 0.045000 0.060914
0 0.145714 0.449873 0.048571 0.059645
0 0.193929 0.474619 0.050714 0.058376
0 0.297143 0.528553 0.054286 0.067259
0 0.244286 0.507614 0.051429 0.053299
0 0.356786 0.565355 0.056429 0.062183
0 0.420000 0.596447 0.057143 0.063452
0 0.526786 0.224619 0.039286 0.045685
0 0.539286 0.218909 0.031429 0.034264
0 0.514286 0.329315 0.032857 0.074873
0 0.533214 0.291878 0.023571 0.050761
0 0.545714 0.260152 0.022857 0.048223
0 0.592500 0.413706 0.056429 0.060914
0 0.588214 0.316624 0.023571 0.052030
0 0.629643 0.334391 0.030714 0.074873
0 0.674643 0.352157 0.026429 0.069797
0 0.723214 0.378173 0.020714 0.058376
0 0.732500 0.279822 0.053571 0.052030
0 0.640357 0.232234 0.022143 0.043147
0 0.678571 0.241751 0.017143 0.039340
0 0.600357 0.286168 0.025000 0.044416
0 0.620357 0.297589 0.022143 0.031726
0 0.642143 0.305203 0.022857 0.041878
0 0.651429 0.352157 0.025714 0.052030
0 0.663571 0.310279 0.022857 0.039340
0 0.686071 0.317893 0.022143 0.041878
0 0.696071 0.369289 0.020714 0.050761
0 0.750000 0.356599 0.022857 0.040609
0 0.730000 0.338198 0.022857 0.044416
0 0.706429 0.329949 0.021429 0.035533
0 0.857500 0.079315 0.013571 0.036802
0 0.916429 0.132614 0.037143 0.031726
0 0.919286 0.144036 0.037143 0.029188
0 0.909286 0.201142 0.021429 0.029188
0 0.875000 0.243020 0.022857 0.031726
0 0.848571 0.170685 0.030000 0.029188
0 0.907143 0.172589 0.015714 0.027919
0 0.976429 0.798223 0.037143 0.063452
0 0.485000 0.635787 0.057143 0.063452
0 0.546429 0.666244 0.064286 0.083756
