0 0.661750 0.521667 0.123500 0.187333
0 0.426000 0.128000 0.037000 0.073333
0 0.561750 0.108333 0.058500 0.056667
0 0.532250 0.074000 0.044500 0.062667
0 0.537000 0.280667 0.080000 0.122667
0 0.928000 0.056000 0.084000 0.052000
0 0.939750 0.125000 0.072500 0.055333
0 0.967000 0.178000 0.066000 0.074667
0 0.976250 0.152667 0.047500 0.073333
0 0.866000 0.223333 0.094000 0.086667
0 0.224500 0.134333 0.071000 0.064667
0 0.141750 0.162667 0.069500 0.062667
0 0.191000 0.082667 0.057000 0.066667
0 0.201500 0.027667 0.066000 0.035333
0 0.258000 0.016333 0.072000 0.031333
0 0.092750 0.020333 0.034500 0.036667
0 0.047750 0.039667 0.068500 0.044667
0 0.023250 0.017000 0.032500 0.034000
0 0.104500 0.476333 0.097000 0.139333
