0 0.090714 0.798858 0.027143 0.067259
0 0.418571 0.940355 0.025714 0.065990
0 0.523929 0.812183 0.029286 0.073604
0 0.885357 0.796320 0.037857 0.067259
0 0.745000 0.586929 0.032857 0.054569
0 0.490714 0.676396 0.027143 0.055838
0 0.460000 0.574873 0.032857 0.058376
0 0.285357 0.667513 0.027857 0.065990
0 0.305357 0.651650 0.027857 0.067259
0 0.261071 0.681472 0.027857 0.063452
0 0.371071 0.447970 0.029286 0.058376
0 0.381429 0.355964 0.032857 0.054569
0 0.436071 0.404822 0.029286 0.058376
0 0.406429 0.426396 0.025714 0.048223
0 0.259643 0.478426 0.039286 0.035533
0 0.247143 0.439086 0.037143 0.038071
0 0.230000 0.394670 0.041429 0.038071
0 0.217143 0.357868 0.035714 0.035533
0 0.191786 0.277919 0.039286 0.035533
0 0.205714 0.321701 0.037143 0.036802
0 0.982143 0.171954 0.035714 0.041878
0 0.468929 0.156091 0.032143 0.053299
0 0.309643 0.192893 0.032143 0.050761
0 0.258214 0.130711 0.030714 0.050761
0 0.260357 0.204949 0.029286 0.052030
0 0.152857 0.137056 0.031429 0.053299
0 0.141786 0.112310 0.032143 0.052030
0 0.097143 0.023477 0.031429 0.044416
0 0.130000 0.090102 0.037143 0.055838
0 0.114643 0.036168 0.027857 0.044416
