0 0.551786 0.002381 0.006429 0.004762
0 0.550714 0.010952 0.004286 0.010476
0 0.510714 0.037619 0.007143 0.010476
0 0.496786 0.074762 0.006429 0.014286
0 0.533214 0.088095 0.006429 0.014286
0 0.544286 0.028571 0.005714 0.009524
0 0.540000 0.038095 0.005714 0.009524
0 0.535000 0.047143 0.007143 0.010476
0 0.539643 0.054762 0.006429 0.012381
0 0.519286 0.024286 0.005714 0.008571
0 0.513571 0.020952 0.005714 0.009524
0 0.512143 0.045714 0.005714 0.011429
0 0.507857 0.220952 0.010000 0.019048
0 0.725357 0.538095 0.019286 0.038095
0 0.781429 0.450000 0.017143 0.033333
0 0.802143 0.399048 0.014286 0.022857
0 0.769286 0.311429 0.024286 0.015238
0 0.785000 0.300000 0.025714 0.013333
0 0.776071 0.285238 0.023571 0.014286
0 0.769286 0.245238 0.021429 0.014286
0 0.756071 0.187143 0.013571 0.010476
0 0.862857 0.752381 0.025714 0.053333
0 0.888929 0.768571 0.027857 0.049524
0 0.935000 0.764286 0.034286 0.048571
0 0.957143 0.825714 0.042857 0.062857
0 0.295357 0.833333 0.050714 0.041905
0 0.312143 0.759048 0.045714 0.040000
0 0.352143 0.592381 0.035714 0.032381
0 0.409643 0.335238 0.025000 0.013333
0 0.408929 0.343810 0.022143 0.013333
