0 0.376429 0.927619 0.035714 0.106667
0 0.512500 0.867143 0.042143 0.115238
0 0.505000 0.730476 0.038571 0.100952
0 0.439286 0.730000 0.034286 0.092381
0 0.383571 0.637143 0.032857 0.080000
0 0.492857 0.605238 0.031429 0.077143
0 0.430357 0.584762 0.026429 0.074286
0 0.427500 0.465714 0.026429 0.066667
0 0.472143 0.381905 0.024286 0.053333
0 0.408929 0.358095 0.025000 0.053333
0 0.466786 0.329048 0.022143 0.046667
0 0.459643 0.281429 0.019286 0.040952
0 0.454643 0.226667 0.019286 0.040000
0 0.276071 0.542857 0.032143 0.074286
0 0.301071 0.340476 0.026429 0.048571
0 0.440357 0.047619 0.015000 0.026667
0 0.478929 0.070476 0.013571 0.019048
0 0.490000 0.037619 0.014286 0.021905
0 0.045714 0.916667 0.080000 0.088571
0 0.096429 0.791429 0.075714 0.049524
0 0.118214 0.744762 0.073571 0.047619
0 0.136786 0.704762 0.063571 0.043810
0 0.148214 0.671429 0.060714 0.040000
0 0.169643 0.631905 0.050714 0.040952
0 0.053214 0.635714 0.039286 0.077143
0 0.092857 0.592857 0.047143 0.080952
0 0.720714 0.416667 0.040000 0.050476
0 0.651786 0.369048 0.032143 0.044762
0 0.595000 0.323810 0.031429 0.043810
0 0.646071 0.302857 0.022143 0.038095
0 0.624286 0.272857 0.020000 0.037143
0 0.587857 0.159048 0.027143 0.028571
0 0.573214 0.108095 0.016429 0.025714
0 0.522143 0.072857 0.017143 0.025714
0 0.534643 0.007143 0.013571 0.014286
0 0.746786 0.150000 0.029286 0.021905
