0 0.158214 0.196066 0.013571 0.019036
0 0.172500 0.178934 0.013571 0.017766
0 0.168571 0.242386 0.014286 0.020305
0 0.196786 0.230964 0.020714 0.017766
0 0.183571 0.361041 0.017143 0.031726
0 0.237143 0.276650 0.018571 0.017766
0 0.239643 0.263325 0.016429 0.016497
0 0.268571 0.262056 0.020000 0.019036
0 0.326786 0.232868 0.020714 0.016497
0 0.275357 0.233503 0.020714 0.020305
0 0.322143 0.258883 0.017143 0.017766
0 0.310000 0.304569 0.022857 0.020305
0 0.203571 0.392766 0.021429 0.019036
0 0.197500 0.427665 0.019286 0.017766
0 0.209286 0.457487 0.018571 0.024112
0 0.233929 0.486041 0.019286 0.030457
0 0.317143 0.400381 0.021429 0.019036
0 0.305357 0.432107 0.017857 0.019036
0 0.295000 0.677665 0.017143 0.035533
0 0.445000 0.572970 0.010000 0.031726
0 0.467857 0.451142 0.010000 0.026650
0 0.527857 0.017132 0.007143 0.013959
0 0.525357 0.052665 0.006429 0.016497
0 0.485000 0.102792 0.015714 0.015228
0 0.507857 0.119924 0.007143 0.019036
0 0.500714 0.167513 0.008571 0.022843
0 0.487857 0.223350 0.010000 0.020305
0 0.499643 0.220812 0.009286 0.020305
0 0.005357 0.855330 0.010714 0.032995
