0 0.281071 0.612381 0.032143 0.043810
0 0.317500 0.354762 0.013571 0.027619
0 0.294643 0.551905 0.020714 0.042857
0 0.390357 0.229048 0.012143 0.025714
0 0.313571 0.092857 0.021429 0.012381
0 0.315714 0.078571 0.020000 0.012381
0 0.317143 0.070476 0.018571 0.011429
0 0.320357 0.061905 0.019286 0.009524
0 0.322857 0.056667 0.018571 0.008571
0 0.321429 0.050476 0.018571 0.011429
0 0.609643 0.020476 0.017857 0.010476
0 0.597143 0.058571 0.010000 0.016190
0 0.638571 0.078095 0.015714 0.011429
0 0.803929 0.046190 0.012143 0.010476
0 0.303214 0.164762 0.020714 0.015238
