0 0.615750 0.584000 0.073500 0.190667
0 0.692250 0.592333 0.103500 0.144667
0 0.596250 0.311667 0.036500 0.052667
0 0.580500 0.247667 0.030000 0.052667
0 0.514000 0.244333 0.033000 0.046000
0 0.788000 0.240667 0.050000 0.040000
0 0.703250 0.240333 0.056500 0.040667
0 0.588000 0.213333 0.040000 0.033333
0 0.635500 0.193000 0.032000 0.031333
0 0.625750 0.178333 0.022500 0.028667
0 0.447750 0.193000 0.035500 0.030000
0 0.440750 0.175000 0.043500 0.028667
0 0.375750 0.270333 0.028500 0.026000
0 0.318000 0.277667 0.064000 0.034000
