0 0.017484 0.503247 0.034969 0.036178
0 0.150835 0.560297 0.037578 0.048237
0 0.260177 0.258349 0.023486 0.017625
0 0.276357 0.265306 0.018267 0.022263
0 0.406576 0.256494 0.009395 0.021336
0 0.396138 0.282931 0.010438 0.024119
0 0.408664 0.282468 0.012526 0.023191
0 0.421451 0.284323 0.012004 0.021336
0 0.449635 0.237941 0.015136 0.019481
0 0.355167 0.499536 0.023486 0.039889
0 0.363518 0.545455 0.045407 0.033395
0 0.500522 0.108534 0.004175 0.007421
0 0.023747 0.821892 0.047495 0.098330
0 0.065501 0.724954 0.048539 0.071429
