0 0.376429 0.930203 0.071429 0.065990
0 0.667143 0.789975 0.060000 0.057107
0 0.930714 0.667513 0.058571 0.050761
0 0.357500 0.600888 0.020714 0.069797
0 0.566786 0.595812 0.029286 0.064721
0 0.465000 0.374365 0.015714 0.038071
0 0.423571 0.513959 0.021429 0.065990
0 0.385000 0.425761 0.017143 0.049492
0 0.133214 0.464467 0.026429 0.040609
0 0.427500 0.093274 0.010714 0.026650
0 0.373571 0.013959 0.011429 0.017766
0 0.332857 0.041244 0.012857 0.021574
0 0.358929 0.097081 0.013571 0.026650
0 0.917857 0.142766 0.034286 0.029188
0 0.865000 0.097081 0.024286 0.029188
0 0.830357 0.059010 0.022143 0.024112
0 0.801071 0.020939 0.025000 0.026650
