0 0.477857 0.659898 0.035714 0.058376
0 0.432857 0.575508 0.034286 0.057107
0 0.436071 0.460025 0.032143 0.049492
0 0.336786 0.585025 0.033571 0.058376
0 0.021429 0.882614 0.037143 0.074873
0 0.066071 0.855330 0.042143 0.068528
0 0.186071 0.574873 0.022143 0.076142
0 0.208214 0.575508 0.019286 0.062183
0 0.235000 0.553299 0.024286 0.065990
0 0.040357 0.614213 0.029286 0.053299
0 0.332500 0.480330 0.037857 0.054569
0 0.292857 0.466371 0.018571 0.062183
0 0.325000 0.434645 0.035714 0.054569
0 0.397500 0.406091 0.036429 0.050761
0 0.381071 0.373731 0.016429 0.049492
0 0.401786 0.343909 0.019286 0.048223
0 0.605714 0.311548 0.032857 0.036802
0 0.644643 0.298858 0.035000 0.034264
