0 0.272500 0.044762 0.006429 0.005714
0 0.323571 0.111429 0.005714 0.005714
0 0.352143 0.183333 0.005714 0.008571
0 0.362143 0.205714 0.005714 0.009524
0 0.420000 0.146190 0.008571 0.006667
0 0.562500 0.335238 0.012143 0.009524
0 0.600714 0.362857 0.012857 0.009524
0 0.659643 0.496667 0.013571 0.010476
0 0.513929 0.922857 0.015000 0.034286
0 0.488929 0.948095 0.019286 0.037143
0 0.480357 0.965714 0.020714 0.038095
0 0.469643 0.984762 0.016429 0.028571
0 0.409286 0.974762 0.022857 0.029524
0 0.423929 0.913810 0.019286 0.031429
0 0.433571 0.900000 0.018571 0.030476
0 0.445357 0.888571 0.019286 0.030476
0 0.453929 0.874762 0.017857 0.031429
0 0.458571 0.767143 0.014286 0.025714
0 0.418571 0.744286 0.012857 0.023810
0 0.350714 0.781429 0.021429 0.016190
0 0.409286 0.722381 0.017143 0.018095
0 0.402857 0.694762 0.018571 0.020000
0 0.397500 0.686190 0.016429 0.020000
0 0.392857 0.678095 0.017143 0.020952
0 0.435000 0.683810 0.018571 0.019048
0 0.431071 0.713810 0.019286 0.018095
0 0.471071 0.652381 0.010714 0.022857
0 0.462143 0.620000 0.010000 0.020952
0 0.443214 0.444286 0.009286 0.016190
0 0.433214 0.518095 0.015000 0.011429
0 0.961786 0.730952 0.017857 0.023810
0 0.972500 0.732857 0.017857 0.023810
0 0.983571 0.732381 0.017143 0.022857
