0 0.243571 0.861675 0.034286 0.060914
0 0.342143 0.681472 0.030000 0.053299
0 0.372143 0.617386 0.028571 0.052030
0 0.405000 0.547589 0.027143 0.049492
0 0.468571 0.344543 0.018571 0.041878
0 0.455000 0.416878 0.018571 0.041878
0 0.315714 0.079949 0.018571 0.032995
0 0.337143 0.057741 0.015714 0.039340
0 0.342857 0.012690 0.015714 0.025381
0 0.327143 0.092005 0.014286 0.029188
0 0.872143 0.144670 0.024286 0.045685
0 0.926429 0.267132 0.027143 0.049492
0 0.873214 0.517132 0.027857 0.031726
0 0.948214 0.576777 0.027857 0.039340
0 0.954643 0.634518 0.029286 0.038071
0 0.981429 0.680838 0.027143 0.034264
0 0.865357 0.703680 0.033571 0.041878
0 0.806071 0.916244 0.033571 0.048223
0 0.649643 0.954949 0.033571 0.054569
0 0.633214 0.718274 0.026429 0.043147
