0 0.338571 0.057107 0.018571 0.035533
0 0.405000 0.153553 0.018571 0.032995
0 0.394286 0.965736 0.025714 0.045685
0 0.465357 0.835025 0.023571 0.040609
0 0.475357 0.769670 0.020714 0.039340
0 0.542857 0.676396 0.021429 0.045685
0 0.571786 0.586294 0.026429 0.048223
0 0.643929 0.490482 0.025000 0.044416
0 0.696429 0.777919 0.024286 0.040609
0 0.722857 0.820431 0.025714 0.044416
0 0.684286 0.388959 0.022857 0.039340
0 0.750357 0.421320 0.020714 0.038071
0 0.746071 0.386421 0.023571 0.039340
0 0.766786 0.431472 0.022143 0.038071
0 0.776071 0.453046 0.023571 0.043147
0 0.805357 0.319162 0.023571 0.041878
0 0.749643 0.284264 0.022143 0.038071
0 0.723929 0.279188 0.023571 0.040609
0 0.770000 0.193528 0.020000 0.034264
0 0.799286 0.193528 0.020000 0.036802
0 0.850714 0.123731 0.021429 0.039340
