0 0.014286 0.540952 0.028571 0.060952
0 0.058571 0.481429 0.054286 0.061905
0 0.408214 0.264286 0.047857 0.056190
0 0.431429 0.296190 0.042857 0.053333
0 0.461071 0.360952 0.052143 0.055238
0 0.475714 0.386667 0.048571 0.051429
0 0.494643 0.414762 0.046429 0.052381
0 0.516429 0.445714 0.050000 0.053333
0 0.552857 0.503810 0.045714 0.057143
0 0.563571 0.291905 0.041429 0.060000
0 0.528929 0.235238 0.040714 0.060952
0 0.450000 0.101905 0.040000 0.060952
0 0.312857 0.091905 0.044286 0.046667
0 0.300000 0.069048 0.028571 0.046667
0 0.299643 0.035714 0.029286 0.031429
0 0.387500 0.013810 0.033571 0.027619
0 0.751071 0.606190 0.047857 0.071429
0 0.796786 0.675238 0.045000 0.066667
0 0.837500 0.749048 0.053571 0.075238
0 0.888929 0.868571 0.052143 0.064762
0 0.957143 0.576190 0.058571 0.066667
0 0.825357 0.376667 0.046429 0.058095
0 0.946071 0.309048 0.045000 0.054286
0 0.992500 0.235238 0.015000 0.034286
0 0.968214 0.164286 0.049286 0.054286
0 0.948929 0.140952 0.052143 0.053333
0 0.872857 0.220000 0.045714 0.060952
0 0.836786 0.164762 0.043571 0.053333
0 0.907143 0.091429 0.050000 0.055238
0 0.882857 0.063810 0.045714 0.049524
0 0.866786 0.034762 0.045000 0.048571
0 0.848214 0.018095 0.040714 0.036190
0 0.818929 0.010000 0.033571 0.020000
0 0.723214 0.194286 0.035000 0.049524
0 0.666071 0.218571 0.039286 0.063810
0 0.610000 0.139524 0.034286 0.048571
