0 0.334250 0.908667 0.059500 0.182667
0 0.340250 0.520333 0.087500 0.104667
0 0.404500 0.761667 0.053000 0.172667
0 0.483750 0.717000 0.088500 0.158000
0 0.505750 0.913000 0.053500 0.172667
0 0.638000 0.877333 0.055000 0.189333
0 0.690500 0.484333 0.100000 0.059333
0 0.716250 0.556333 0.134500 0.084667
0 0.586250 0.590667 0.108500 0.084000
0 0.454250 0.513667 0.075500 0.127333
0 0.463750 0.317667 0.046500 0.096667
0 0.454250 0.198000 0.041500 0.104000
0 0.490000 0.095000 0.035000 0.106000
0 0.450250 0.094000 0.037500 0.085333
0 0.365000 0.199667 0.039000 0.096667
0 0.411750 0.237667 0.038500 0.098000
0 0.416250 0.362667 0.046500 0.144000
0 0.369250 0.323333 0.041500 0.116000
0 0.345000 0.436000 0.084000 0.084000
0 0.827500 0.299000 0.086000 0.060667
