0 0.552857 0.183810 0.004286 0.003810
0 0.582857 0.147619 0.002857 0.003810
0 0.572500 0.163333 0.002143 0.002857
0 0.508929 0.287143 0.006429 0.010476
0 0.533571 0.232857 0.005714 0.006667
0 0.469643 0.274762 0.006429 0.008571
0 0.657857 0.260476 0.007143 0.006667
0 0.524643 0.231429 0.005000 0.005714
0 0.470000 0.200476 0.008571 0.004762
0 0.456429 0.206667 0.011429 0.005714
0 0.473214 0.223810 0.010714 0.009524
0 0.437143 0.228095 0.010000 0.006667
0 0.488929 0.222857 0.009286 0.007619
