0 0.398571 0.968274 0.045714 0.060914
0 0.460000 0.935279 0.038571 0.114213
0 0.058214 0.026650 0.030714 0.053299
0 0.049286 0.074873 0.035714 0.096447
0 0.172500 0.119924 0.057857 0.054569
0 0.133929 0.025381 0.023571 0.050761
0 0.212500 0.026015 0.023571 0.052030
0 0.262500 0.020939 0.020714 0.041878
0 0.289286 0.019036 0.018571 0.038071
0 0.183929 0.029822 0.026429 0.059645
0 0.030357 0.451142 0.060714 0.057107
0 0.110000 0.437183 0.072857 0.057107
0 0.186429 0.418147 0.075714 0.062183
0 0.301429 0.501269 0.075714 0.063452
