0 0.236169 0.658627 0.064196 0.072356
0 0.247912 0.621985 0.055324 0.049165
0 0.489301 0.329314 0.033925 0.024119
0 0.470772 0.307514 0.033403 0.023191
0 0.482777 0.294991 0.029228 0.022263
0 0.405271 0.307514 0.024530 0.026902
0 0.591597 0.414193 0.018267 0.041744
0 0.525574 0.410019 0.020877 0.040816
0 0.512787 0.444805 0.024530 0.041744
0 0.581942 0.484694 0.024008 0.043599
0 0.497129 0.484694 0.028706 0.049165
0 0.844990 0.960111 0.099165 0.077922
0 0.756524 0.689239 0.028706 0.083488
0 0.668841 0.660019 0.029749 0.073284
0 0.620042 0.285714 0.014614 0.027829
0 0.576200 0.198516 0.012526 0.020408
0 0.623173 0.110390 0.007307 0.012987
0 0.648225 0.093692 0.007307 0.009276
0 0.644311 0.058442 0.005741 0.009276
0 0.739823 0.152597 0.016180 0.015770
0 0.703810 0.166048 0.008873 0.016698
0 0.713727 0.186456 0.008873 0.016698
0 0.725992 0.188776 0.009395 0.015770
0 0.731994 0.333488 0.016180 0.026902
0 0.751827 0.362709 0.032881 0.027829
