0 0.363929 0.724286 0.059286 0.084762
0 0.452857 0.707619 0.047143 0.091429
0 0.461429 0.563333 0.034286 0.052381
0 0.429286 0.506667 0.031429 0.034286
0 0.470714 0.420000 0.018571 0.019048
0 0.477143 0.383333 0.015714 0.014286
0 0.488929 0.361429 0.012143 0.016190
0 0.503571 0.352381 0.010000 0.013333
0 0.530000 0.357143 0.011429 0.013333
0 0.509643 0.321905 0.006429 0.011429
0 0.505714 0.310952 0.005714 0.006667
0 0.502500 0.302857 0.006429 0.011429
0 0.567857 0.316667 0.007143 0.010476
0 0.592857 0.361905 0.014286 0.013333
0 0.688214 0.455714 0.053571 0.023810
0 0.635714 0.371429 0.028571 0.015238
0 0.863929 0.709048 0.112143 0.063810
0 0.804286 0.633810 0.087143 0.052381
