0 0.014643 0.575238 0.029286 0.038095
0 0.009286 0.512857 0.018571 0.029524
0 0.008571 0.492857 0.017143 0.029524
0 0.013571 0.433810 0.027143 0.029524
0 0.142143 0.298571 0.022857 0.027619
0 0.170000 0.293810 0.021429 0.029524
0 0.138571 0.214762 0.015714 0.020000
0 0.214643 0.176190 0.015000 0.019048
0 0.580714 0.285714 0.017143 0.034286
0 0.561429 0.825238 0.041429 0.073333
0 0.547500 0.701429 0.045000 0.054286
0 0.583214 0.656667 0.040714 0.060000
0 0.613214 0.646667 0.036429 0.047619
0 0.631429 0.631429 0.037143 0.045714
0 0.675714 0.590952 0.037143 0.044762
0 0.707500 0.579048 0.035000 0.038095
0 0.709643 0.551429 0.040714 0.049524
0 0.746071 0.458571 0.042143 0.035238
0 0.700714 0.413810 0.032857 0.029524
0 0.266786 0.098571 0.019286 0.020000
0 0.381429 0.148571 0.018571 0.017143
0 0.543571 0.111429 0.024286 0.017143
