0 0.399286 0.236041 0.007143 0.007614
0 0.405714 0.239848 0.007143 0.010152
0 0.412143 0.243655 0.007143 0.007614
0 0.419643 0.250000 0.007857 0.010152
0 0.417143 0.231599 0.007143 0.008883
0 0.408214 0.217640 0.010714 0.006345
0 0.374643 0.288706 0.013571 0.016497
0 0.363214 0.359137 0.012143 0.015228
0 0.525000 0.309645 0.017143 0.012690
0 0.541786 0.328680 0.010714 0.012690
0 0.552500 0.335660 0.009286 0.016497
0 0.558214 0.346447 0.007857 0.020305
0 0.561786 0.361675 0.009286 0.017766
0 0.616429 0.388959 0.024286 0.019036
0 0.371786 0.420051 0.030714 0.027919
0 0.663929 0.960025 0.027857 0.072335
0 0.625357 0.816624 0.023571 0.054569
0 0.619643 0.656726 0.017857 0.036802
