0 0.107500 0.079949 0.022143 0.038071
0 0.210714 0.475888 0.020000 0.053299
0 0.338571 0.491751 0.015714 0.054569
0 0.317500 0.051396 0.016429 0.039340
0 0.361429 0.206853 0.014286 0.045685
0 0.389286 0.234137 0.012857 0.052030
0 0.402143 0.916878 0.041429 0.044416
0 0.251786 0.790609 0.016429 0.058376
0 0.307143 0.856599 0.044286 0.045685
0 0.540000 0.747462 0.040000 0.038071
0 0.686786 0.685914 0.039286 0.036802
0 0.568214 0.840102 0.040714 0.045685
0 0.827857 0.707487 0.041429 0.041878
0 0.824286 0.622462 0.037143 0.034264
0 0.908571 0.563452 0.037143 0.050761
0 0.951429 0.421954 0.020000 0.052030
0 0.923571 0.277284 0.022857 0.049492
0 0.910000 0.204315 0.025714 0.048223
0 0.716429 0.098985 0.017143 0.040609
0 0.516786 0.501904 0.017857 0.054569
0 0.541786 0.628807 0.017857 0.054569
0 0.479286 0.459391 0.017143 0.053299
