0 0.042500 0.894762 0.075000 0.054286
0 0.070000 0.822381 0.067143 0.039048
0 0.091071 0.769524 0.063571 0.034286
0 0.135714 0.733810 0.058571 0.035238
0 0.181786 0.383810 0.033571 0.022857
0 0.190357 0.365714 0.035000 0.019048
0 0.176071 0.134762 0.020714 0.014286
0 0.237500 0.133333 0.022143 0.015238
0 0.206429 0.134762 0.025714 0.016190
0 0.266786 0.131905 0.023571 0.018095
0 0.252143 0.122857 0.022857 0.013333
0 0.272857 0.088571 0.015714 0.013333
0 0.918571 0.731429 0.037143 0.072381
0 0.880000 0.291429 0.020000 0.028571
0 0.629286 0.063333 0.015714 0.012381
0 0.636071 0.204286 0.022143 0.018095
0 0.635357 0.196190 0.023571 0.013333
0 0.634286 0.188571 0.025714 0.015238
0 0.573214 0.586667 0.049286 0.030476
0 0.619286 0.585238 0.040000 0.050476
0 0.673571 0.396667 0.027143 0.020000
0 0.670357 0.377619 0.032143 0.020000
0 0.690357 0.275714 0.027857 0.018095
0 0.687143 0.326667 0.017143 0.028571
0 0.705357 0.322381 0.020714 0.029524
0 0.641429 0.265238 0.030000 0.020000
0 0.482143 0.762381 0.025714 0.071429
0 0.473214 0.482381 0.017857 0.040952
0 0.498929 0.443810 0.015000 0.034286
0 0.500000 0.404762 0.015714 0.032381
0 0.501429 0.315714 0.012857 0.027619
0 0.502500 0.290952 0.012143 0.021905
0 0.502500 0.253810 0.012143 0.021905
0 0.500357 0.221905 0.010714 0.019048
0 0.463929 0.220000 0.012143 0.020952
0 0.500357 0.186190 0.010714 0.020000
0 0.497857 0.153810 0.010000 0.018095
0 0.484286 0.074762 0.008571 0.014286
0 0.483929 0.051905 0.007857 0.016190
0 0.562500 0.192857 0.022143 0.010476
0 0.562500 0.184286 0.025000 0.010476
0 0.555714 0.157143 0.018571 0.013333
