0 0.245357 0.746193 0.052143 0.038071
0 0.244643 0.716371 0.062143 0.049492
0 0.317857 0.444797 0.010000 0.036802
0 0.319286 0.318528 0.008571 0.027919
0 0.357143 0.251269 0.012857 0.027919
0 0.350714 0.279822 0.014286 0.029188
0 0.356786 0.207487 0.020714 0.031726
0 0.356071 0.184645 0.016429 0.029188
0 0.368571 0.076142 0.015714 0.025381
0 0.349286 0.064721 0.017143 0.025381
0 0.361071 0.064086 0.016429 0.024112
0 0.432500 0.916244 0.012143 0.050761
0 0.456786 0.855330 0.012143 0.050761
0 0.433571 0.639594 0.012857 0.045685
0 0.462857 0.595812 0.010000 0.039340
0 0.487500 0.467640 0.009286 0.036802
0 0.454643 0.505711 0.012143 0.036802
0 0.468214 0.364848 0.009286 0.031726
0 0.452143 0.289975 0.011429 0.034264
0 0.506071 0.347081 0.009286 0.039340
0 0.468571 0.265228 0.010000 0.032995
0 0.490714 0.289975 0.011429 0.039340
0 0.506071 0.222716 0.009286 0.034264
0 0.491786 0.168147 0.007857 0.036802
0 0.473214 0.071066 0.006429 0.027919
0 0.508214 0.117386 0.009286 0.029188
