0 0.598000 0.876333 0.161000 0.247333
0 0.396750 0.487333 0.085500 0.113333
0 0.477500 0.435333 0.040000 0.061333
0 0.126750 0.391000 0.082500 0.022000
0 0.210500 0.387667 0.037000 0.019333
0 0.295250 0.274667 0.018500 0.024000
0 0.269000 0.261000 0.019000 0.016667
0 0.308250 0.227000 0.012500 0.018000
0 0.301250 0.234000 0.016500 0.020000
0 0.291750 0.244667 0.017500 0.016000
0 0.279750 0.253000 0.020500 0.020667
0 0.325500 0.253000 0.016000 0.012667
0 0.341750 0.243000 0.016500 0.020667
0 0.321750 0.305667 0.038500 0.034000
0 0.388000 0.358000 0.035000 0.046667
0 0.464250 0.361667 0.033500 0.056667
0 0.423750 0.341667 0.047500 0.032667
0 0.438000 0.308667 0.020000 0.034667
0 0.689000 0.353333 0.054000 0.049333
0 0.797500 0.348000 0.054000 0.045333
0 0.786500 0.325000 0.047000 0.034000
0 0.811500 0.338667 0.043000 0.045333
0 0.810250 0.299000 0.045500 0.034000
0 0.728500 0.291000 0.024000 0.032667
0 0.314250 0.224000 0.013500 0.014667
0 0.321750 0.218333 0.012500 0.015333
0 0.327500 0.214000 0.011000 0.010667
0 0.337000 0.203667 0.011000 0.015333
