0 0.682411 0.248145 0.014092 0.023191
0 0.068372 0.660946 0.040710 0.060297
0 0.064718 0.738868 0.058455 0.045455
0 0.882046 0.686456 0.045929 0.064935
0 0.860386 0.629870 0.036013 0.063080
0 0.837683 0.639147 0.036534 0.064935
0 0.861952 0.708720 0.045407 0.064935
0 0.886743 0.916512 0.073069 0.070501
0 0.712683 0.899814 0.064196 0.068646
0 0.716597 0.653525 0.028184 0.067718
0 0.695459 0.700835 0.039144 0.078850
0 0.640658 0.692022 0.026618 0.085343
0 0.619520 0.688776 0.020877 0.082560
0 0.600731 0.695733 0.027140 0.083488
0 0.569154 0.698980 0.025574 0.078850
0 0.480167 0.688776 0.027140 0.071429
0 0.318372 0.653061 0.041754 0.051948
0 0.246868 0.656772 0.032359 0.063080
0 0.285491 0.617347 0.029228 0.075139
0 0.205637 0.619202 0.034447 0.064007
0 0.137526 0.683210 0.062109 0.058442
0 0.123434 0.621521 0.038100 0.068646
0 0.289927 0.697124 0.033925 0.062152
0 0.397965 0.891929 0.065240 0.067718
0 0.461378 0.898887 0.053236 0.070501
0 0.427192 0.652597 0.028706 0.064007
0 0.462683 0.613636 0.030793 0.064007
0 0.227296 0.625696 0.028706 0.056586
0 0.569415 0.630798 0.022965 0.055659
