0 0.353000 0.981667 0.115000 0.036667
0 0.399750 0.785333 0.172500 0.168000
0 0.477750 0.706000 0.035500 0.032000
0 0.531750 0.686333 0.051500 0.052667
0 0.575750 0.691667 0.051500 0.060667
0 0.662250 0.724333 0.052500 0.048667
0 0.774000 0.615333 0.038000 0.041333
0 0.687000 0.582333 0.031000 0.031333
0 0.717000 0.566333 0.019000 0.026000
0 0.836250 0.538000 0.018500 0.018667
0 0.925250 0.512333 0.035500 0.019333
0 0.965250 0.516000 0.034500 0.016000
0 0.897000 0.450000 0.019000 0.014667
0 0.938500 0.454333 0.010000 0.011333
0 0.939250 0.430667 0.010500 0.009333
0 0.934250 0.439667 0.007500 0.008667
0 0.927500 0.443667 0.008000 0.010000
