0 0.593571 0.054762 0.007143 0.008571
0 0.587857 0.059048 0.011429 0.011429
0 0.572857 0.063810 0.015714 0.009524
0 0.569643 0.060476 0.013571 0.008571
0 0.590357 0.096667 0.017857 0.010476
0 0.523214 0.200000 0.026429 0.017143
0 0.486429 0.200000 0.025714 0.017143
0 0.555714 0.337619 0.037143 0.023810
0 0.550357 0.397619 0.040714 0.023810
0 0.472857 0.382857 0.024286 0.028571
0 0.548214 0.427619 0.037857 0.024762
0 0.540714 0.443810 0.047143 0.034286
0 0.534286 0.469048 0.047143 0.027619
0 0.532143 0.517143 0.050000 0.034286
0 0.522143 0.543810 0.048571 0.036190
0 0.512857 0.566667 0.041429 0.028571
0 0.509643 0.590476 0.042143 0.032381
0 0.502857 0.620000 0.044286 0.034286
0 0.387857 0.529048 0.047143 0.031429
0 0.382857 0.553810 0.035714 0.033333
0 0.370357 0.580952 0.046429 0.034286
0 0.360714 0.605238 0.047143 0.035238
0 0.348571 0.637619 0.044286 0.039048
0 0.337143 0.667143 0.047143 0.039048
0 0.328571 0.701429 0.041429 0.039048
0 0.492500 0.703810 0.062143 0.043810
0 0.484643 0.746190 0.067857 0.046667
0 0.231429 0.939048 0.058571 0.055238
0 0.218214 0.986190 0.073571 0.025714
0 0.828929 0.132381 0.022143 0.013333
