0 0.159643 0.082487 0.010714 0.027919
0 0.139643 0.086929 0.007857 0.021574
0 0.285000 0.946701 0.027143 0.048223
0 0.303929 0.949239 0.025000 0.045685
0 0.312143 0.971447 0.025714 0.046954
0 0.459286 0.015863 0.007143 0.021574
0 0.459643 0.240482 0.009286 0.031726
0 0.474643 0.361041 0.009286 0.031726
0 0.496071 0.400381 0.009286 0.044416
0 0.496071 0.240482 0.009286 0.036802
0 0.459286 0.107868 0.008571 0.025381
0 0.476071 0.137690 0.007857 0.026650
0 0.491786 0.010787 0.007857 0.021574
0 0.496429 0.527919 0.010000 0.040609
0 0.515000 0.585660 0.010000 0.041878
0 0.471429 0.747462 0.010000 0.040609
0 0.518929 0.739213 0.009286 0.036802
0 0.470357 0.953046 0.010714 0.048223
0 0.449643 0.857234 0.012143 0.049492
0 0.467500 0.656726 0.010714 0.041878
0 0.497500 0.644036 0.010714 0.046954
