0 0.626429 0.910533 0.068571 0.140863
0 0.567857 0.575508 0.041429 0.077411
0 0.675000 0.354695 0.048571 0.039340
0 0.482500 0.252538 0.015000 0.022843
0 0.482143 0.229061 0.012857 0.024112
0 0.529643 0.232234 0.013571 0.020305
0 0.526786 0.223985 0.012143 0.021574
0 0.460714 0.214467 0.017143 0.020305
0 0.454643 0.199873 0.009286 0.019036
0 0.471071 0.197335 0.009286 0.021574
0 0.466786 0.187817 0.010714 0.022843
0 0.507857 0.177030 0.008571 0.016497
0 0.505357 0.165609 0.009286 0.016497
0 0.493571 0.134518 0.007143 0.012690
0 0.513214 0.149112 0.007857 0.011421
0 0.482857 0.137056 0.005714 0.010152
0 0.479286 0.123096 0.005714 0.012690
0 0.226071 0.097081 0.027857 0.034264
0 0.353214 0.081853 0.015000 0.016497
0 0.365714 0.078680 0.008571 0.012690
0 0.378929 0.075508 0.006429 0.011421
0 0.394643 0.070431 0.005000 0.008883
0 0.401786 0.072970 0.005000 0.008883
