0 0.449500 0.770000 0.049000 0.061333
0 0.434250 0.651667 0.036500 0.055333
0 0.491250 0.686000 0.038500 0.060000
0 0.743500 0.523333 0.049000 0.029333
0 0.499750 0.485333 0.042500 0.028000
0 0.173000 0.539333 0.046000 0.036000
0 0.210500 0.637333 0.046000 0.040000
0 0.513250 0.581000 0.032500 0.044667
0 0.484750 0.598333 0.039500 0.051333
0 0.536750 0.565000 0.037500 0.048667
0 0.553750 0.631667 0.038500 0.048667
0 0.531750 0.646333 0.038500 0.044667
0 0.572750 0.537333 0.036500 0.042667
0 0.678250 0.488667 0.033500 0.034667
0 0.589250 0.592667 0.036500 0.037333
0 0.177750 0.518000 0.040500 0.029333
0 0.310000 0.480333 0.043000 0.023333
0 0.451750 0.475333 0.017500 0.038667
0 0.772750 0.486000 0.036500 0.026667
0 0.280250 0.857333 0.033500 0.089333
0 0.752250 0.185000 0.018500 0.011333
0 0.752250 0.178333 0.020500 0.016667
0 0.979500 0.315667 0.029000 0.019333
0 0.799750 0.178333 0.017500 0.014000
0 0.808500 0.193000 0.021000 0.012667
0 0.823500 0.202333 0.020000 0.012667
0 0.846000 0.197000 0.021000 0.015333
0 0.856000 0.188000 0.020000 0.010667
0 0.856500 0.225000 0.023000 0.012667
0 0.861500 0.232333 0.023000 0.016667
0 0.870000 0.243667 0.027000 0.014000
0 0.873000 0.250333 0.023000 0.014000
0 0.882500 0.261667 0.023000 0.016667
0 0.880500 0.273000 0.025000 0.016667
0 0.896000 0.293667 0.031000 0.014000
0 0.903500 0.304667 0.027000 0.013333
0 0.912500 0.310333 0.027000 0.016667
0 0.917000 0.322000 0.027000 0.014667
0 0.923500 0.329667 0.024000 0.022000
0 0.936250 0.341667 0.034500 0.020667
0 0.946500 0.357333 0.034000 0.022667
0 0.952250 0.371333 0.033500 0.028000
0 0.944500 0.281667 0.022000 0.015333
0 0.964750 0.293667 0.029500 0.014000
0 0.683500 0.097667 0.017000 0.008667
0 0.699750 0.097000 0.011500 0.007333
0 0.877500 0.377667 0.025000 0.018000
0 0.876750 0.408667 0.031500 0.046667
