0 0.007857 0.974286 0.015714 0.049524
0 0.467857 0.966667 0.024286 0.066667
0 0.423571 0.970952 0.055714 0.035238
0 0.444286 0.910476 0.054286 0.038095
0 0.427857 0.867619 0.048571 0.028571
0 0.432143 0.829048 0.048571 0.033333
0 0.427857 0.776190 0.052857 0.030476
0 0.452500 0.738571 0.042143 0.033333
0 0.445000 0.701905 0.055714 0.034286
0 0.445000 0.626190 0.048571 0.035238
0 0.436071 0.451905 0.052143 0.029524
0 0.562500 0.364762 0.047857 0.066667
0 0.567857 0.413810 0.041429 0.054286
