0 0.493571 0.556190 0.018571 0.024762
0 0.341786 0.420000 0.006429 0.011429
0 0.343929 0.408095 0.007857 0.010476
0 0.359643 0.354762 0.009286 0.006667
0 0.416071 0.361429 0.005000 0.006667
0 0.481429 0.387619 0.012857 0.009524
0 0.455714 0.338571 0.011429 0.004762
0 0.455714 0.336667 0.011429 0.006667
0 0.428214 0.343810 0.013571 0.009524
0 0.412143 0.345714 0.010000 0.005714
0 0.408214 0.357143 0.005000 0.009524
0 0.467857 0.358571 0.005714 0.008571
0 0.483929 0.355238 0.009286 0.007619
0 0.010000 0.687619 0.020000 0.045714
0 0.117143 0.425238 0.018571 0.006667
0 0.120714 0.430952 0.017143 0.008571
0 0.179643 0.468095 0.013571 0.016190
0 0.132143 0.469048 0.010000 0.016190
0 0.044643 0.421429 0.019286 0.014286
0 0.565000 0.880952 0.054286 0.045714
0 0.557500 0.841905 0.052143 0.051429
0 0.545357 0.734286 0.040714 0.032381
0 0.572857 0.579048 0.027143 0.019048
0 0.583571 0.599048 0.024286 0.019048
0 0.592500 0.608571 0.025000 0.019048
0 0.732857 0.892857 0.042857 0.061905
0 0.706429 0.933333 0.047143 0.074286
