0 0.188929 0.811429 0.062143 0.146667
0 0.698929 0.926190 0.099286 0.079048
0 0.607857 0.661429 0.044286 0.128571
0 0.616071 0.501905 0.042143 0.114286
0 0.613214 0.230952 0.036429 0.098095
0 0.477143 0.255714 0.037143 0.096190
0 0.422500 0.130952 0.033571 0.088571
0 0.604643 0.327143 0.039286 0.082857
0 0.617143 0.029048 0.032857 0.058095
0 0.231786 0.486667 0.047857 0.120000
0 0.152500 0.230952 0.080714 0.061905
0 0.292143 0.085714 0.038571 0.095238
0 0.315714 0.202857 0.045714 0.108571
0 0.276429 0.204762 0.041429 0.093333
0 0.135714 0.133810 0.055714 0.103810
0 0.258929 0.322381 0.049286 0.109524
