0 0.522750 0.027667 0.024500 0.054000
0 0.531000 0.087667 0.024000 0.055333
0 0.537500 0.191333 0.024000 0.076000
0 0.466250 0.260000 0.023500 0.064000
0 0.476000 0.340667 0.029000 0.070667
0 0.469750 0.406000 0.046500 0.045333
0 0.471750 0.454000 0.047500 0.056000
0 0.544000 0.412667 0.039000 0.065333
0 0.672000 0.465333 0.058000 0.029333
0 0.592750 0.485333 0.057500 0.042667
0 0.523250 0.570333 0.027500 0.078000
0 0.488500 0.640667 0.027000 0.085333
0 0.568750 0.638333 0.026500 0.078000
0 0.576750 0.731667 0.028500 0.095333
0 0.492000 0.755667 0.048000 0.084667
0 0.523500 0.960000 0.033000 0.080000
0 0.597250 0.869000 0.027500 0.079333
0 0.553750 0.862333 0.036500 0.111333
0 0.632750 0.621667 0.024500 0.098000
0 0.378250 0.238667 0.019500 0.060000
0 0.095750 0.720000 0.055500 0.062667
0 0.038000 0.534000 0.052000 0.053333
