0 0.137787 0.386364 0.056367 0.049165
0 0.156054 0.398423 0.061587 0.052876
0 0.190762 0.416512 0.054802 0.048237
0 0.216075 0.433210 0.058455 0.055659
0 0.211639 0.532468 0.067328 0.061224
0 0.027401 0.532468 0.053758 0.072356
0 0.122129 0.636364 0.090814 0.105751
0 0.882829 0.568182 0.054802 0.067718
0 0.794885 0.461967 0.041754 0.055659
0 0.777662 0.425325 0.036534 0.043599
0 0.761482 0.386827 0.028184 0.040816
0 0.743215 0.350649 0.027140 0.029685
0 0.678497 0.489796 0.032359 0.076067
0 0.671190 0.435529 0.027140 0.051020
0 0.658664 0.383117 0.024008 0.055659
0 0.588727 0.511596 0.055324 0.069573
0 0.604645 0.201299 0.015136 0.025974
0 0.646138 0.326067 0.019833 0.051020
0 0.985647 0.246753 0.027662 0.027829
