0 0.414643 0.893401 0.022143 0.076142
0 0.505357 0.097081 0.027857 0.024112
0 0.573571 0.080584 0.017143 0.031726
0 0.613214 0.020939 0.013571 0.029188
0 0.562500 0.278553 0.016429 0.036802
0 0.617143 0.416878 0.017143 0.046954
0 0.522857 0.440990 0.017143 0.044416
0 0.502143 0.442259 0.017143 0.044416
0 0.510357 0.552665 0.019286 0.052030
0 0.553214 0.725888 0.019286 0.063452
0 0.430000 0.795685 0.022857 0.063452
0 0.490714 0.832487 0.022857 0.071066
0 0.458929 0.880076 0.020714 0.072335
0 0.452500 0.685914 0.022143 0.059645
0 0.481071 0.552665 0.020714 0.059645
0 0.575714 0.182741 0.020000 0.055838
0 0.603929 0.128173 0.015000 0.035533
0 0.580357 0.123731 0.017857 0.036802
0 0.599643 0.062183 0.016429 0.038071
0 0.662143 0.022208 0.014286 0.031726
0 0.680714 0.019670 0.014286 0.034264
0 0.716429 0.149112 0.028571 0.021574
0 0.730714 0.043147 0.011429 0.030457
0 0.954643 0.288706 0.027857 0.034264
0 0.883571 0.343909 0.035714 0.035533
0 0.833214 0.284898 0.029286 0.024112
0 0.836786 0.265228 0.032143 0.035533
