0 0.412857 0.986675 0.041429 0.024112
0 0.365000 0.048223 0.002857 0.007614
0 0.348929 0.062183 0.003571 0.005076
0 0.356071 0.058376 0.003571 0.005076
0 0.353929 0.065355 0.005000 0.006345
0 0.339643 0.072970 0.003571 0.006345
0 0.344643 0.085660 0.005000 0.008883
0 0.353929 0.077411 0.003571 0.005076
0 0.364643 0.064086 0.003571 0.003807
0 0.375714 0.063452 0.004286 0.005076
0 0.385357 0.024746 0.003571 0.006345
0 0.391429 0.031091 0.002857 0.006345
0 0.390714 0.020939 0.002857 0.003807
0 0.375357 0.019670 0.003571 0.003807
0 0.374643 0.049492 0.003571 0.005076
0 0.349643 0.090102 0.005000 0.007614
0 0.453571 0.077411 0.005714 0.010152
0 0.456786 0.079949 0.006429 0.010152
0 0.473214 0.093909 0.009286 0.010152
0 0.475000 0.097716 0.011429 0.010152
0 0.480000 0.102792 0.012857 0.012690
0 0.483214 0.109137 0.016429 0.012690
0 0.488214 0.114848 0.015000 0.011421
0 0.487143 0.086294 0.011429 0.010152
0 0.490714 0.088832 0.011429 0.010152
0 0.390714 0.152284 0.004286 0.010152
0 0.481071 0.214467 0.006429 0.012690
0 0.693929 0.015863 0.006429 0.006345
0 0.721429 0.139594 0.015714 0.012690
0 0.710357 0.134518 0.010714 0.010152
0 0.715357 0.309010 0.016429 0.021574
0 0.702143 0.310279 0.015714 0.019036
0 0.678929 0.313452 0.016429 0.022843
0 0.751786 0.349619 0.016429 0.016497
0 0.767143 0.346447 0.020000 0.025381
0 0.781071 0.347081 0.016429 0.021574
0 0.437857 0.564721 0.017143 0.022843
0 0.352857 0.494289 0.011429 0.026650
0 0.377500 0.592005 0.015000 0.036802
0 0.396071 0.592005 0.013571 0.029188
0 0.417500 0.593909 0.013571 0.027919
0 0.379643 0.675761 0.032143 0.031726
0 0.381071 0.701777 0.032143 0.032995
0 0.386786 0.726523 0.035000 0.041878
0 0.390714 0.762056 0.034286 0.039340
0 0.393214 0.793147 0.033571 0.038071
0 0.397500 0.827411 0.040714 0.045685
0 0.406429 0.966371 0.040000 0.046954
0 0.249286 0.917513 0.024286 0.063452
0 0.278214 0.771574 0.017857 0.050761
0 0.294643 0.722716 0.015000 0.046954
0 0.288929 0.557107 0.015000 0.038071
0 0.236429 0.592005 0.015714 0.044416
0 0.195000 0.662437 0.018571 0.050761
0 0.288571 0.522208 0.010000 0.029188
0 0.240000 0.536168 0.012857 0.034264
0 0.005000 0.557107 0.010000 0.027919
0 0.161429 0.477157 0.014286 0.035533
0 0.008571 0.477792 0.014286 0.026650
0 0.155714 0.421954 0.012857 0.026650
0 0.179643 0.369924 0.010714 0.026650
0 0.037857 0.402919 0.012857 0.019036
0 0.058571 0.354061 0.012857 0.015228
0 0.088929 0.393401 0.012143 0.020305
0 0.093929 0.374365 0.013571 0.020305
0 0.103571 0.348985 0.011429 0.012690
0 0.115714 0.373096 0.012857 0.017766
0 0.125714 0.347716 0.011429 0.015228
0 0.141786 0.357234 0.012143 0.019036
0 0.130000 0.410533 0.012857 0.016497
0 0.160357 0.359137 0.010714 0.017766
0 0.209286 0.328046 0.008571 0.021574
0 0.228214 0.330584 0.010714 0.016497
0 0.249286 0.319797 0.008571 0.022843
0 0.268214 0.321701 0.007857 0.013959
0 0.283571 0.206218 0.007143 0.013959
0 0.279286 0.180838 0.007143 0.008883
0 0.302143 0.190990 0.005714 0.011421
0 0.312143 0.169416 0.005714 0.008883
0 0.300357 0.163071 0.006429 0.008883
0 0.169286 0.222716 0.010000 0.011421
0 0.180000 0.215102 0.011429 0.008883
0 0.193571 0.206853 0.010000 0.012690
0 0.232857 0.230964 0.010000 0.017766
0 0.212143 0.240482 0.010000 0.016497
0 0.197500 0.196066 0.010714 0.008883
0 0.209643 0.195431 0.012143 0.012690
0 0.210000 0.189721 0.011429 0.011421
0 0.223929 0.186548 0.012143 0.010152
0 0.234286 0.181472 0.010000 0.010152
0 0.246071 0.187183 0.007857 0.011421
0 0.241786 0.177030 0.009286 0.008883
0 0.248571 0.170051 0.007143 0.010152
0 0.288929 0.130711 0.006429 0.007614
0 0.274286 0.143401 0.005714 0.007614
