0 0.378571 0.974762 0.032857 0.050476
0 0.472857 0.394762 0.011429 0.021905
0 0.455714 0.164286 0.004286 0.006667
0 0.457143 0.194762 0.004286 0.008571
0 0.395357 0.181905 0.009286 0.005714
0 0.377143 0.170000 0.007143 0.006667
0 0.400714 0.176190 0.011429 0.007619
0 0.402143 0.173333 0.008571 0.007619
0 0.373571 0.159048 0.008571 0.005714
0 0.456786 0.115714 0.003571 0.004762
0 0.626786 0.236190 0.016429 0.007619
0 0.640357 0.232381 0.006429 0.009524
0 0.661429 0.220000 0.005714 0.007619
0 0.669643 0.219524 0.007857 0.008571
