0 0.135000 0.085714 0.028571 0.022857
0 0.256786 0.101429 0.032143 0.027619
0 0.477500 0.087143 0.015000 0.039048
0 0.442857 0.274762 0.014286 0.035238
0 0.455000 0.398095 0.012857 0.040000
0 0.486786 0.391429 0.013571 0.040000
0 0.489643 0.498571 0.013571 0.039048
0 0.539286 0.947619 0.015714 0.038095
0 0.515000 0.845714 0.015714 0.038095
0 0.451071 0.346667 0.015000 0.036190
0 0.172857 0.568095 0.021429 0.040952
0 0.144286 0.684286 0.018571 0.037143
0 0.194286 0.697143 0.014286 0.038095
0 0.209643 0.700000 0.017857 0.043810
0 0.194286 0.616667 0.032857 0.023810
0 0.898929 0.447619 0.022143 0.036190
0 0.935714 0.640000 0.028571 0.032381
