0 0.521786 0.883883 0.037857 0.085025
0 0.599286 0.651015 0.038571 0.096447
0 0.737143 0.746827 0.042857 0.112944
0 0.770000 0.645305 0.055714 0.097716
0 0.963214 0.068528 0.056429 0.083756
0 0.979286 0.029822 0.041429 0.059645
0 0.859286 0.024112 0.035714 0.048223
0 0.810357 0.030457 0.036429 0.060914
0 0.751429 0.196701 0.044286 0.098985
0 0.780000 0.237310 0.051429 0.106599
0 0.718571 0.440990 0.048571 0.107868
0 0.677500 0.420685 0.040714 0.097716
0 0.423214 0.611675 0.040714 0.096447
