0 0.441750 0.724333 0.081500 0.058000
0 0.453000 0.660000 0.075000 0.049333
0 0.475000 0.281667 0.016000 0.026000
0 0.450000 0.268667 0.022000 0.018667
0 0.415000 0.233667 0.022000 0.018000
0 0.439500 0.218333 0.021000 0.015333
0 0.422000 0.205333 0.012000 0.018667
0 0.418750 0.199667 0.017500 0.015333
0 0.403750 0.195000 0.014500 0.018000
0 0.390250 0.186333 0.013500 0.015333
0 0.381500 0.175667 0.015000 0.018000
0 0.363750 0.178000 0.014500 0.017333
0 0.366500 0.166333 0.015000 0.014000
0 0.364000 0.197333 0.015000 0.014667
0 0.351750 0.186333 0.016500 0.014000
0 0.493000 0.296667 0.024000 0.025333
0 0.518250 0.293000 0.026500 0.026000
0 0.039250 0.293333 0.042500 0.026667
0 0.389000 0.268333 0.022000 0.026000
0 0.960500 0.592667 0.079000 0.064000
0 0.863000 0.521333 0.067000 0.052000
0 0.797000 0.468000 0.056000 0.048000
0 0.738750 0.434667 0.054500 0.042667
0 0.688250 0.394333 0.037500 0.044667
0 0.651000 0.368000 0.042000 0.044000
0 0.620250 0.377333 0.039500 0.032000
0 0.616000 0.285000 0.031000 0.022000
0 0.732250 0.217667 0.030500 0.019333
0 0.744750 0.187667 0.025500 0.015333
