0 0.426250 0.685667 0.078500 0.116667
0 0.558750 0.570000 0.054500 0.065333
0 0.734000 0.530333 0.068000 0.059333
0 0.813750 0.217667 0.021500 0.019333
0 0.863500 0.226667 0.018000 0.024000
0 0.865250 0.199667 0.018500 0.018000
0 0.880500 0.202667 0.019000 0.021333
0 0.889500 0.190667 0.017000 0.021333
0 0.895250 0.175000 0.014500 0.020667
0 0.839000 0.166333 0.021000 0.016667
0 0.837250 0.155333 0.025500 0.020000
0 0.869250 0.149333 0.015500 0.018667
0 0.873250 0.132667 0.016500 0.013333
0 0.646250 0.052667 0.011500 0.012000
0 0.458000 0.101667 0.016000 0.011333
