0 0.592500 0.711929 0.019286 0.043147
0 0.412143 0.772843 0.018571 0.040609
0 0.366786 0.648477 0.017857 0.038071
0 0.356429 0.532995 0.014286 0.030457
0 0.458214 0.377538 0.012143 0.021574
0 0.357857 0.266497 0.008571 0.012690
0 0.535357 0.086294 0.006429 0.010152
0 0.544643 0.077411 0.006429 0.007614
0 0.579643 0.060279 0.007857 0.008883
0 0.515714 0.073604 0.005714 0.007614
0 0.033929 0.560279 0.032143 0.026650
0 0.220357 0.491117 0.017857 0.022843
0 0.211071 0.486675 0.017857 0.029188
0 0.205357 0.479695 0.019286 0.027919
0 0.196071 0.477792 0.016429 0.021574
