0 0.448852 0.685065 0.040710 0.034323
0 0.458507 0.660482 0.038100 0.029685
0 0.462161 0.638683 0.040188 0.028757
0 0.399791 0.551948 0.032359 0.029685
0 0.435543 0.494434 0.028706 0.029685
0 0.425104 0.512987 0.029749 0.027829
0 0.505741 0.537570 0.022965 0.025046
0 0.359342 0.329314 0.014092 0.018553
0 0.357777 0.282931 0.015136 0.020408
0 0.368215 0.280148 0.014092 0.018553
0 0.380480 0.275974 0.014614 0.017625
0 0.391962 0.270872 0.014614 0.018553
0 0.403706 0.268089 0.013048 0.018553
0 0.414666 0.263915 0.014092 0.017625
0 0.173800 0.390074 0.014614 0.021336
0 0.191806 0.362245 0.025574 0.021336
0 0.183977 0.351113 0.021399 0.021336
0 0.159708 0.437848 0.014614 0.029685
0 0.170146 0.506957 0.026096 0.026902
0 0.188413 0.579777 0.037578 0.025974
0 0.193894 0.597403 0.031837 0.022263
0 0.139092 0.393321 0.015136 0.024119
0 0.132307 0.347866 0.019311 0.020408
0 0.147182 0.190631 0.019833 0.012059
0 0.452244 0.298701 0.013048 0.022263
0 0.483299 0.238868 0.012526 0.019481
0 0.494781 0.241651 0.012526 0.017625
0 0.448591 0.258349 0.010960 0.017625
0 0.458507 0.191095 0.009916 0.014842
0 0.477035 0.189703 0.012526 0.012059
0 0.490866 0.178108 0.010960 0.012987
0 0.479384 0.163729 0.010960 0.013915
0 0.503132 0.159091 0.011482 0.013915
0 0.527662 0.172078 0.011482 0.012059
0 0.558716 0.148887 0.006785 0.012059
0 0.566023 0.147495 0.013048 0.014842
0 0.527662 0.196197 0.015658 0.013915
0 0.750261 0.423006 0.023486 0.024119
0 0.774269 0.414657 0.021399 0.020408
0 0.794885 0.392393 0.022965 0.027829
0 0.811587 0.356679 0.020877 0.023191
0 0.825678 0.368275 0.019833 0.022263
0 0.835856 0.377087 0.017223 0.021336
0 0.802975 0.436456 0.022443 0.025046
0 0.817067 0.448516 0.021399 0.021336
0 0.773486 0.372913 0.022965 0.024119
0 0.738518 0.379870 0.019833 0.023191
0 0.763831 0.352041 0.020355 0.021336
0 0.804541 0.305659 0.019311 0.023191
0 0.731472 0.321892 0.018267 0.018553
0 0.714509 0.363173 0.016701 0.015770
