0 0.750750 0.429333 0.082500 0.128000
0 0.638750 0.224333 0.071500 0.111333
0 0.594500 0.100333 0.073000 0.063333
0 0.502000 0.034333 0.047000 0.068667
0 0.536750 0.243667 0.074500 0.096667
0 0.794000 0.150000 0.062000 0.050667
0 0.821000 0.199333 0.064000 0.050667
0 0.857750 0.242667 0.055500 0.041333
0 0.980250 0.195000 0.039500 0.052667
0 0.877500 0.117667 0.074000 0.075333
0 0.971500 0.035000 0.054000 0.070000
0 0.323500 0.065333 0.075000 0.070667
0 0.255250 0.013000 0.044500 0.026000
0 0.018000 0.030667 0.036000 0.053333
0 0.016750 0.098000 0.033500 0.072000
0 0.400500 0.457667 0.083000 0.106000
0 0.328500 0.546000 0.096000 0.109333
0 0.357500 0.606667 0.100000 0.110667
