0 0.554280 0.524119 0.029228 0.070501
0 0.568633 0.392857 0.030793 0.045455
0 0.534186 0.232839 0.015136 0.035250
0 0.531315 0.196660 0.016701 0.024119
0 0.541493 0.137755 0.010960 0.025046
0 0.454332 0.228200 0.028706 0.027829
0 0.488518 0.266698 0.029228 0.030612
0 0.491127 0.257885 0.036534 0.029685
0 0.508090 0.101577 0.010960 0.019481
0 0.519311 0.065863 0.007307 0.014842
0 0.576200 0.056586 0.007307 0.014842
0 0.540710 0.044063 0.007307 0.010204
0 0.552453 0.029685 0.005741 0.009276
0 0.550887 0.038961 0.007829 0.011132
0 0.558194 0.025046 0.005741 0.012987
0 0.554280 0.020872 0.005219 0.008349
0 0.553497 0.019481 0.005741 0.009276
0 0.575939 0.012059 0.005741 0.011132
0 0.556106 0.011596 0.006785 0.008349
