0 0.158571 0.978095 0.055714 0.043810
0 0.348214 0.891429 0.043571 0.070476
0 0.246429 0.704286 0.041429 0.058095
0 0.274643 0.653810 0.040714 0.054286
0 0.014643 0.493810 0.029286 0.063810
0 0.119286 0.358095 0.042857 0.028571
0 0.130000 0.325238 0.051429 0.031429
0 0.135000 0.290000 0.051429 0.033333
0 0.048929 0.272857 0.026429 0.065714
0 0.017143 0.276667 0.028571 0.061905
0 0.360714 0.525714 0.048571 0.068571
0 0.403929 0.467143 0.040714 0.052381
0 0.439286 0.413810 0.041429 0.056190
0 0.392500 0.376667 0.042143 0.063810
0 0.485000 0.346190 0.041429 0.054286
0 0.531071 0.289524 0.040714 0.055238
0 0.566071 0.239048 0.035000 0.049524
0 0.595000 0.200952 0.032857 0.043810
0 0.642857 0.139048 0.042857 0.062857
0 0.530714 0.509048 0.041429 0.056190
0 0.676071 0.312381 0.042143 0.057143
0 0.696429 0.125238 0.042857 0.054286
0 0.712857 0.101905 0.042857 0.055238
0 0.733929 0.082381 0.036429 0.058095
0 0.709286 0.047143 0.041429 0.054286
0 0.540714 0.933810 0.042857 0.065714
0 0.596429 0.849524 0.044286 0.062857
0 0.639643 0.826190 0.023571 0.061905
0 0.667143 0.800952 0.021429 0.068571
0 0.732857 0.773810 0.027143 0.071429
0 0.672500 0.663810 0.042143 0.057143
0 0.660000 0.635714 0.041429 0.058095
0 0.746071 0.511905 0.035000 0.046667
0 0.782857 0.468571 0.041429 0.055238
0 0.836429 0.436667 0.040000 0.054286
0 0.848214 0.564286 0.040714 0.058095
0 0.899286 0.228571 0.041429 0.055238
0 0.917857 0.064286 0.042857 0.052381
0 0.984643 0.200952 0.030714 0.051429
0 0.451071 0.956190 0.043571 0.064762
