0 0.537500 0.222381 0.010714 0.008571
0 0.528929 0.173333 0.003571 0.005714
0 0.502143 0.206190 0.004286 0.008571
0 0.501786 0.222857 0.006429 0.009524
0 0.497857 0.231905 0.005714 0.008571
0 0.491071 0.249524 0.007857 0.009524
0 0.479643 0.260476 0.010714 0.012381
0 0.486429 0.239524 0.010000 0.012381
0 0.497857 0.214762 0.005714 0.006667
0 0.521071 0.218571 0.007857 0.008571
0 0.449643 0.300952 0.012143 0.017143
0 0.425714 0.415714 0.018571 0.031429
0 0.410357 0.400952 0.017857 0.024762
0 0.368571 0.364286 0.011429 0.020000
0 0.387500 0.325238 0.009286 0.018095
0 0.407500 0.240476 0.017857 0.012381
0 0.356071 0.250000 0.015000 0.012381
0 0.360357 0.246667 0.013571 0.009524
0 0.433571 0.213810 0.011429 0.006667
0 0.412857 0.206667 0.011429 0.007619
0 0.440000 0.208095 0.010000 0.006667
0 0.318214 0.728571 0.045000 0.081905
0 0.639643 0.237619 0.006429 0.008571
0 0.395000 0.214286 0.014286 0.007619
0 0.442143 0.184762 0.008571 0.005714
0 0.445000 0.182381 0.007143 0.006667
