0 0.633873 0.795455 0.082985 0.169759
0 0.863779 0.929499 0.108559 0.139147
0 0.760438 0.745362 0.082463 0.134508
0 0.697547 0.535714 0.047495 0.089981
0 0.406837 0.638219 0.103862 0.113173
0 0.279489 0.631262 0.103862 0.095547
0 0.284447 0.590445 0.088727 0.082560
0 0.379958 0.585343 0.090814 0.094620
0 0.636743 0.373840 0.027140 0.063080
0 0.606472 0.297310 0.025052 0.045455
0 0.485908 0.309833 0.048017 0.037106
0 0.436587 0.287570 0.050626 0.031540
0 0.450939 0.272263 0.044885 0.032468
0 0.455115 0.257885 0.042797 0.038961
0 0.454593 0.250464 0.034447 0.033395
0 0.493737 0.206865 0.018789 0.022263
0 0.506002 0.191558 0.024530 0.015770
0 0.487213 0.186456 0.023486 0.016698
0 0.477818 0.181818 0.025574 0.020408
0 0.481211 0.173469 0.017745 0.018553
0 0.502088 0.162338 0.016701 0.016698
0 0.520877 0.165584 0.019833 0.013915
0 0.517484 0.161410 0.016180 0.014842
0 0.543058 0.156772 0.014092 0.016698
0 0.570198 0.141466 0.006785 0.008349
