0 0.223214 0.059010 0.017857 0.013959
0 0.229643 0.112310 0.017857 0.021574
0 0.318571 0.091371 0.017143 0.017766
0 0.253929 0.137056 0.017857 0.022843
0 0.288929 0.039975 0.010714 0.024112
0 0.329286 0.062817 0.021429 0.016497
0 0.036786 0.407360 0.015000 0.022843
0 0.121786 0.557107 0.017857 0.027919
0 0.031429 0.848350 0.030000 0.039340
0 0.067857 0.807741 0.027143 0.036802
0 0.102500 0.763959 0.023571 0.035533
0 0.131429 0.713198 0.024286 0.038071
0 0.264286 0.451777 0.017143 0.032995
0 0.464643 0.038706 0.009286 0.024112
0 0.465357 0.152284 0.007857 0.025381
0 0.800000 0.987944 0.027143 0.021574
