0 0.348929 0.057619 0.036429 0.094286
0 0.417143 0.022857 0.032857 0.045714
0 0.578929 0.069524 0.035000 0.097143
0 0.573214 0.180476 0.035000 0.096190
0 0.417857 0.124286 0.031429 0.090476
0 0.586429 0.323333 0.030000 0.092381
0 0.368571 0.802857 0.037143 0.116190
0 0.247500 0.910476 0.093571 0.057143
0 0.243214 0.972381 0.086429 0.047619
0 0.413214 0.887143 0.040714 0.113333
0 0.597857 0.906667 0.037143 0.129524
0 0.590357 0.779524 0.030714 0.096190
0 0.414286 0.731429 0.038571 0.125714
0 0.588214 0.657619 0.035000 0.103810
0 0.588929 0.538571 0.032143 0.094286
0 0.482500 0.609524 0.039286 0.123810
0 0.413214 0.605714 0.035000 0.102857
0 0.326429 0.573333 0.037143 0.102857
0 0.282857 0.406190 0.084286 0.044762
0 0.370000 0.316190 0.037143 0.108571
