0 0.575000 0.322857 0.022857 0.034286
0 0.611429 0.271429 0.017143 0.022857
0 0.645357 0.225714 0.016429 0.019048
0 0.645000 0.151429 0.011429 0.015238
0 0.671786 0.140000 0.010714 0.013333
0 0.667143 0.130000 0.012857 0.016190
0 0.692143 0.137619 0.011429 0.016190
0 0.717857 0.115714 0.008571 0.014286
0 0.725714 0.110000 0.008571 0.012381
0 0.852500 0.118095 0.010714 0.011429
0 0.862857 0.088571 0.014286 0.007619
0 0.865357 0.080952 0.013571 0.005714
0 0.827143 0.036190 0.007143 0.007619
0 0.957500 0.130952 0.020714 0.012381
