0 0.017500 0.863333 0.035000 0.082857
0 0.054286 0.763333 0.052857 0.077143
0 0.103571 0.574762 0.047143 0.031429
0 0.265714 0.252381 0.030000 0.017143
0 0.271429 0.235238 0.028571 0.017143
0 0.197857 0.225714 0.031429 0.020952
0 0.327143 0.113333 0.017143 0.013333
0 0.322857 0.037143 0.017143 0.011429
0 0.367143 0.043810 0.017143 0.011429
0 0.368214 0.037619 0.019286 0.008571
0 0.836429 0.987619 0.064286 0.024762
0 0.897143 0.884762 0.047143 0.085714
0 0.775714 0.514286 0.027143 0.055238
0 0.431071 0.450476 0.019286 0.038095
0 0.567857 0.254762 0.012857 0.023810
0 0.648214 0.256190 0.012143 0.022857
0 0.593571 0.238095 0.024286 0.015238
0 0.592143 0.228095 0.024286 0.014286
0 0.550357 0.162381 0.022143 0.014286
0 0.554286 0.153333 0.022857 0.015238
0 0.619286 0.192381 0.027143 0.019048
0 0.514643 0.036667 0.009286 0.014286
0 0.543929 0.086190 0.019286 0.016190
0 0.592143 0.084286 0.015714 0.012381
0 0.952143 0.098095 0.021429 0.015238
0 0.965357 0.109048 0.025000 0.014286
0 0.973929 0.119524 0.026429 0.016190
