0 0.314286 0.972716 0.030000 0.052030
0 0.357500 0.796320 0.042143 0.034264
0 0.359643 0.755711 0.040714 0.034264
0 0.361786 0.714467 0.043571 0.035533
0 0.376071 0.634518 0.032143 0.032995
0 0.370714 0.593274 0.041429 0.034264
0 0.373214 0.512056 0.042143 0.034264
0 0.376429 0.472081 0.040000 0.032995
0 0.378571 0.432107 0.035714 0.031726
0 0.387857 0.020305 0.021429 0.040609
0 0.445714 0.025381 0.015714 0.050761
0 0.471071 0.107234 0.016429 0.072335
0 0.468929 0.298223 0.016429 0.073604
0 0.467500 0.478426 0.017857 0.071066
0 0.461786 0.680838 0.016429 0.077411
0 0.460000 0.814721 0.015714 0.071066
0 0.425000 0.762056 0.017143 0.077411
0 0.426786 0.949239 0.016429 0.081218
0 0.460000 0.948604 0.018571 0.079949
0 0.793929 0.420051 0.020714 0.065990
