0 0.317000 0.929333 0.205000 0.141333
0 0.613750 0.579667 0.069500 0.132667
0 0.612500 0.400333 0.060000 0.072667
0 0.565250 0.246667 0.026500 0.037333
0 0.500250 0.203333 0.026500 0.034667
0 0.555500 0.204667 0.023000 0.040000
0 0.524000 0.182333 0.035000 0.028667
0 0.604250 0.166000 0.020500 0.024000
0 0.598250 0.155333 0.017500 0.025333
0 0.386000 0.225333 0.023000 0.024000
0 0.335250 0.223000 0.040500 0.019333
0 0.727000 0.197333 0.036000 0.034667
0 0.765500 0.181000 0.045000 0.027333
0 0.778000 0.152667 0.019000 0.030667
0 0.445250 0.165000 0.028500 0.020667
0 0.415250 0.137333 0.025500 0.017333
0 0.398500 0.126000 0.016000 0.016000
0 0.417500 0.124333 0.014000 0.015333
0 0.406250 0.119000 0.014500 0.012667
0 0.437250 0.129333 0.011500 0.016000
0 0.438750 0.122667 0.020500 0.021333
0 0.412250 0.109333 0.012500 0.016000
0 0.416750 0.104000 0.010500 0.017333
0 0.449000 0.114667 0.014000 0.021333
0 0.444750 0.096667 0.008500 0.012000
0 0.421500 0.100333 0.010000 0.011333
0 0.425250 0.094333 0.011500 0.014000
0 0.428750 0.090333 0.010500 0.010000
0 0.434000 0.086333 0.010000 0.014000
0 0.436250 0.080333 0.010500 0.012667
0 0.439750 0.077333 0.006500 0.009333
0 0.441250 0.073667 0.010500 0.010000
0 0.444750 0.072000 0.008500 0.009333
0 0.447250 0.067333 0.008500 0.008000
0 0.449500 0.063000 0.008000 0.008667
0 0.452000 0.062333 0.006000 0.008667
0 0.453500 0.061000 0.006000 0.007333
0 0.453750 0.057333 0.007500 0.010667
0 0.456250 0.055333 0.005500 0.009333
0 0.368000 0.084667 0.009000 0.014667
0 0.604250 0.065667 0.018500 0.008667
0 0.601750 0.064333 0.013500 0.008667
0 0.580500 0.065000 0.015000 0.008667
0 0.606000 0.044333 0.005000 0.007333
0 0.576000 0.062000 0.012000 0.009333
0 0.579250 0.063667 0.014500 0.010000
0 0.573750 0.059667 0.011500 0.008667
0 0.572500 0.059000 0.012000 0.007333
0 0.570000 0.059667 0.013000 0.008667
0 0.572500 0.056667 0.013000 0.006667
0 0.572500 0.054667 0.014000 0.006667
0 0.568500 0.050667 0.014000 0.008000
0 0.567500 0.048667 0.016000 0.006667
0 0.564000 0.046000 0.013000 0.008000
0 0.578750 0.045333 0.016500 0.010667
0 0.581750 0.047333 0.018500 0.008000
0 0.588250 0.050667 0.018500 0.006667
0 0.646500 0.058667 0.015000 0.008000
0 0.640500 0.055000 0.014000 0.007333
0 0.633500 0.051000 0.012000 0.008667
0 0.631500 0.049333 0.013000 0.008000
