0 0.124643 0.035238 0.062143 0.053333
0 0.194643 0.134286 0.059286 0.057143
0 0.310714 0.021429 0.050000 0.042857
0 0.345357 0.060952 0.056429 0.059048
0 0.241071 0.184762 0.070714 0.060952
0 0.265000 0.239048 0.065714 0.059048
0 0.307857 0.294762 0.077143 0.077143
0 0.287857 0.270000 0.068571 0.065714
0 0.493571 0.594286 0.067143 0.078095
0 0.382857 0.393333 0.057143 0.064762
0 0.497500 0.230000 0.057857 0.061905
0 0.406429 0.121429 0.055714 0.063810
0 0.427143 0.145714 0.054286 0.070476
0 0.628571 0.089524 0.052857 0.070476
0 0.908214 0.100952 0.059286 0.070476
