0 0.128571 0.040609 0.037143 0.027919
0 0.156786 0.121827 0.036429 0.027919
0 0.330000 0.248731 0.014286 0.048223
0 0.318214 0.052665 0.036429 0.029188
0 0.308214 0.132614 0.037857 0.029188
0 0.264286 0.624365 0.020000 0.065990
0 0.390000 0.614848 0.017143 0.064721
0 0.428571 0.604695 0.017143 0.069797
0 0.366429 0.749365 0.020000 0.067259
0 0.488214 0.062183 0.040714 0.035533
0 0.473214 0.148477 0.037857 0.032995
0 0.614643 0.076142 0.036429 0.030457
0 0.606429 0.161802 0.038571 0.034264
0 0.489286 0.392766 0.017143 0.064721
0 0.559643 0.573604 0.015000 0.058376
0 0.688571 0.358503 0.014286 0.052030
0 0.779643 0.972716 0.016429 0.052030
0 0.495357 0.982234 0.017857 0.032995
0 0.755000 0.165609 0.038571 0.029188
0 0.820357 0.097716 0.037857 0.030457
0 0.900000 0.102157 0.037143 0.029188
0 0.906071 0.144670 0.043571 0.032995
0 0.915000 0.185279 0.044286 0.035533
