0 0.027250 0.635333 0.054500 0.056000
0 0.146500 0.646667 0.116000 0.068000
0 0.092500 0.825000 0.122000 0.076667
0 0.291250 0.799333 0.104500 0.080000
0 0.277250 0.623667 0.082500 0.056667
0 0.196000 0.938667 0.125000 0.072000
0 0.431500 0.882667 0.081000 0.145333
0 0.641250 0.880667 0.058500 0.149333
0 0.617750 0.684000 0.052500 0.125333
0 0.370250 0.423667 0.032500 0.078000
0 0.924750 0.348333 0.077500 0.050000
0 0.539750 0.202333 0.033500 0.063333
0 0.514250 0.021333 0.022500 0.042667
