0 0.451071 0.010000 0.036429 0.020000
0 0.498571 0.010952 0.037143 0.021905
0 0.368214 0.170952 0.049286 0.033333
0 0.456071 0.874286 0.070714 0.051429
0 0.453214 0.768095 0.075000 0.046667
0 0.442857 0.722381 0.054286 0.044762
0 0.464643 0.616190 0.056429 0.040000
0 0.475714 0.576667 0.067143 0.035238
0 0.448571 0.530952 0.058571 0.033333
0 0.422143 0.475714 0.027143 0.079048
0 0.367500 0.434762 0.026429 0.058095
0 0.472500 0.478571 0.062143 0.033333
0 0.481429 0.423333 0.054286 0.042857
0 0.483214 0.382857 0.060714 0.040000
0 0.472857 0.352381 0.054286 0.038095
0 0.476786 0.316667 0.056429 0.037143
0 0.474286 0.290000 0.055714 0.033333
0 0.466429 0.234286 0.050000 0.030476
0 0.465357 0.256190 0.042143 0.034286
0 0.462143 0.207619 0.045714 0.032381
0 0.472500 0.127619 0.045000 0.028571
0 0.473214 0.178095 0.037857 0.030476
0 0.476786 0.160000 0.037857 0.030476
0 0.470357 0.087619 0.042143 0.026667
0 0.486429 0.048571 0.040000 0.024762
0 0.536786 0.048571 0.043571 0.026667
0 0.586071 0.053810 0.036429 0.027619
0 0.601071 0.022381 0.037857 0.027619
0 0.645000 0.030000 0.037143 0.027619
0 0.677857 0.067619 0.037143 0.024762
0 0.931071 0.253810 0.036429 0.046667
0 0.978214 0.094286 0.042143 0.028571
