0 0.276096 0.843692 0.090814 0.095547
0 0.326200 0.649351 0.076200 0.055659
0 0.453549 0.615028 0.063674 0.057514
0 0.437630 0.354360 0.031837 0.025974
0 0.461639 0.314007 0.029749 0.023191
0 0.465031 0.276438 0.025052 0.016698
0 0.483820 0.264378 0.024008 0.018553
0 0.546190 0.242579 0.007829 0.019481
0 0.489040 0.221243 0.021921 0.015770
0 0.490605 0.215677 0.021921 0.015770
0 0.564196 0.199907 0.007307 0.013915
0 0.526618 0.170223 0.008351 0.012059
0 0.527662 0.162338 0.010438 0.009276
0 0.511482 0.160946 0.005219 0.008349
0 0.518789 0.161410 0.005219 0.011132
