0 0.769572 0.173933 0.020355 0.019481
0 0.534186 0.471707 0.026618 0.043599
0 0.544102 0.443878 0.017223 0.019481
0 0.479384 0.426252 0.036013 0.030612
0 0.490605 0.366419 0.031315 0.033395
0 0.475470 0.316790 0.022965 0.038033
0 0.432672 0.349258 0.022965 0.034323
0 0.416754 0.363173 0.026618 0.034323
0 0.409447 0.380334 0.032881 0.033395
0 0.408403 0.459647 0.031837 0.034323
0 0.326983 0.504174 0.022443 0.041744
0 0.301670 0.528757 0.026096 0.048237
0 0.323591 0.613173 0.027140 0.051948
0 0.273747 0.539425 0.022443 0.043599
0 0.243737 0.553340 0.021921 0.045455
0 0.110386 0.949443 0.028706 0.088126
0 0.328027 0.264842 0.024530 0.028757
0 0.038622 0.255566 0.012526 0.023191
0 0.062630 0.210111 0.013570 0.028757
0 0.018006 0.202226 0.013048 0.025974
0 0.004958 0.205937 0.009916 0.029685
0 0.067328 0.110390 0.009395 0.018553
0 0.070981 0.063544 0.010438 0.015770
0 0.073852 0.009740 0.008873 0.013915
0 0.048017 0.006494 0.009395 0.012987
0 0.268528 0.108998 0.010960 0.015770
0 0.273486 0.123377 0.010438 0.018553
