0 0.110714 0.895305 0.022857 0.062183
0 0.177857 0.892132 0.021429 0.065990
0 0.373929 0.746193 0.019286 0.060914
0 0.107143 0.041244 0.024286 0.046954
0 0.230357 0.277919 0.027857 0.053299
0 0.207857 0.310279 0.022857 0.057107
0 0.171786 0.421954 0.022143 0.059645
0 0.131071 0.524746 0.022143 0.057107
0 0.166071 0.534898 0.022143 0.057107
0 0.202857 0.560914 0.021429 0.055838
0 0.234286 0.409898 0.024286 0.055838
0 0.267500 0.407995 0.022143 0.057107
0 0.330714 0.559010 0.037143 0.041878
0 0.460714 0.429569 0.035714 0.036802
0 0.481429 0.454949 0.034286 0.039340
0 0.807143 0.194797 0.035714 0.039340
0 0.971786 0.421320 0.033571 0.040609
