0 0.368214 0.917143 0.043571 0.095238
0 0.339286 0.772381 0.047143 0.100952
0 0.293214 0.550476 0.036429 0.081905
0 0.274643 0.463810 0.036429 0.076190
0 0.243571 0.315238 0.034286 0.070476
0 0.367500 0.349524 0.039286 0.062857
0 0.502857 0.484762 0.042857 0.076190
0 0.643214 0.607619 0.052143 0.083810
0 0.607143 0.519048 0.048571 0.074286
0 0.518214 0.282857 0.037857 0.062857
0 0.380357 0.101429 0.029286 0.046667
0 0.551429 0.196667 0.032857 0.035238
0 0.512143 0.110000 0.031429 0.046667
0 0.426071 0.057143 0.027857 0.041905
0 0.408214 0.017143 0.026429 0.034286
0 0.230357 0.245238 0.030714 0.063810
0 0.205000 0.114762 0.027143 0.050476
0 0.193571 0.060476 0.028571 0.056190
