0 0.683929 0.435238 0.046429 0.045714
0 0.369286 0.239048 0.048571 0.045714
0 0.337143 0.282857 0.040000 0.034286
0 0.876786 0.939524 0.066429 0.092381
0 0.782143 0.789048 0.071429 0.042857
0 0.571786 0.332857 0.035000 0.040952
0 0.441429 0.444762 0.035714 0.043810
0 0.411786 0.399524 0.033571 0.046667
0 0.395000 0.417619 0.030000 0.040952
0 0.662500 0.620952 0.049286 0.038095
0 0.726071 0.705238 0.055000 0.048571
0 0.620357 0.566667 0.052143 0.038095
0 0.633571 0.684762 0.054286 0.030476
0 0.391786 0.646667 0.056429 0.060952
0 0.597143 0.280000 0.034286 0.032381
0 0.401429 0.138095 0.027143 0.028571
0 0.418214 0.157619 0.029286 0.027619
0 0.826071 0.634762 0.050714 0.056190
0 0.107143 0.008571 0.022857 0.017143
0 0.273571 0.250952 0.035714 0.025714
0 0.265000 0.222857 0.021429 0.028571
0 0.946786 0.197143 0.029286 0.028571
0 0.805714 0.176667 0.025714 0.027619
