0 0.547857 0.156667 0.002857 0.004762
0 0.518214 0.208571 0.005000 0.007619
0 0.507857 0.225238 0.007143 0.010476
0 0.470000 0.283333 0.010000 0.012381
0 0.508929 0.213333 0.005000 0.009524
0 0.517143 0.199524 0.004286 0.006667
0 0.516786 0.188095 0.005000 0.006667
0 0.512143 0.195238 0.004286 0.007619
0 0.526429 0.205714 0.004286 0.005714
0 0.511071 0.205238 0.006429 0.008571
0 0.428214 0.285714 0.006429 0.013333
0 0.465714 0.345714 0.012857 0.019048
0 0.485714 0.249048 0.007143 0.012381
0 0.416786 0.308095 0.009286 0.016190
0 0.394643 0.230000 0.013571 0.008571
0 0.396786 0.230000 0.009286 0.010476
0 0.419286 0.204762 0.012857 0.009524
0 0.435714 0.224762 0.012857 0.011429
0 0.453571 0.222381 0.011429 0.008571
0 0.453214 0.203333 0.010714 0.006667
0 0.433929 0.198571 0.010714 0.006667
