0 0.800250 0.696000 0.074500 0.082667
0 0.601000 0.269333 0.036000 0.017333
0 0.533000 0.241333 0.015000 0.014667
0 0.510250 0.224333 0.011500 0.012667
0 0.494250 0.210333 0.010500 0.016667
0 0.455500 0.198667 0.011000 0.013333
0 0.884250 0.398000 0.050500 0.028000
0 0.914250 0.413333 0.040500 0.025333
0 0.934500 0.431333 0.043000 0.024000
0 0.843500 0.287667 0.038000 0.022000
0 0.809500 0.281000 0.015000 0.022000
0 0.809750 0.351667 0.027500 0.023333
0 0.779750 0.325333 0.026500 0.018667
0 0.771250 0.313333 0.031500 0.017333
0 0.794500 0.267667 0.035000 0.015333
0 0.666500 0.234667 0.028000 0.014667
0 0.669750 0.241333 0.023500 0.013333
0 0.478250 0.175000 0.007500 0.010000
0 0.471750 0.164000 0.007500 0.008000
0 0.481250 0.161000 0.006500 0.010000
0 0.442750 0.157667 0.006500 0.007333
0 0.491750 0.148667 0.015500 0.006667
0 0.475250 0.152000 0.006500 0.006667
0 0.466250 0.153333 0.006500 0.008000
0 0.446750 0.149000 0.006500 0.007333
0 0.462000 0.146333 0.005000 0.008667
0 0.437250 0.141667 0.005500 0.007333
0 0.457750 0.127667 0.004500 0.004667
0 0.453250 0.124667 0.004500 0.006667
