0 0.454643 0.437143 0.006429 0.009524
0 0.452143 0.463810 0.007143 0.011429
0 0.517143 0.495714 0.011429 0.016190
0 0.461786 0.504286 0.009286 0.014286
0 0.456071 0.489048 0.009286 0.014286
0 0.451429 0.539524 0.011429 0.016190
0 0.516071 0.564286 0.013571 0.021905
0 0.455714 0.559048 0.011429 0.017143
0 0.447857 0.499048 0.008571 0.015238
0 0.443214 0.621429 0.013571 0.029524
0 0.486786 0.682857 0.017857 0.032381
0 0.565357 0.679048 0.015000 0.032381
0 0.472500 0.634762 0.015000 0.025714
0 0.515357 0.705238 0.016429 0.031429
0 0.523929 0.750000 0.019286 0.035238
0 0.493929 0.727619 0.017857 0.036190
0 0.541071 0.804286 0.020714 0.044762
0 0.526429 0.873333 0.024286 0.053333
0 0.497500 0.934286 0.023571 0.062857
0 0.463571 0.967143 0.024286 0.063810
0 0.511786 0.543810 0.013571 0.019048
0 0.456071 0.475238 0.007857 0.013333
0 0.394643 0.366667 0.006429 0.015238
0 0.410714 0.360952 0.004286 0.007619
0 0.470357 0.356190 0.006429 0.005714
