0 0.550714 0.979695 0.027143 0.038071
0 0.204286 0.081218 0.025714 0.027919
0 0.183929 0.672589 0.025000 0.045685
0 0.228929 0.556472 0.016429 0.046954
0 0.450000 0.859772 0.017143 0.064721
0 0.436429 0.802030 0.027143 0.063452
0 0.526071 0.894036 0.023571 0.059645
0 0.495714 0.791244 0.022857 0.052030
0 0.480000 0.829949 0.022857 0.063452
0 0.445714 0.693528 0.021429 0.049492
0 0.424286 0.518401 0.018571 0.044416
0 0.624643 0.368020 0.025000 0.038071
0 0.603571 0.322335 0.024286 0.035533
0 0.678214 0.203680 0.025000 0.024112
0 0.563571 0.223350 0.022857 0.027919
0 0.515000 0.196701 0.025714 0.035533
0 0.452500 0.182107 0.027857 0.021574
0 0.467500 0.503807 0.016429 0.040609
