0 0.449286 0.706190 0.024286 0.073333
0 0.445357 0.620952 0.023571 0.070476
0 0.439286 0.552381 0.021429 0.060952
0 0.548929 0.672857 0.025000 0.069524
0 0.540714 0.601429 0.024286 0.058095
0 0.539643 0.540476 0.022143 0.054286
0 0.522143 0.389524 0.020000 0.043810
0 0.496071 0.127619 0.016429 0.032381
0 0.428214 0.050000 0.019286 0.031429
0 0.571429 0.896190 0.035714 0.097143
0 0.561071 0.775714 0.029286 0.084762
0 0.517500 0.335714 0.016429 0.042857
0 0.512500 0.285238 0.015000 0.040952
0 0.489286 0.028571 0.014286 0.020952
