0 0.321786 0.024286 0.015000 0.031429
0 0.302500 0.069524 0.022143 0.020952
0 0.352500 0.098095 0.012143 0.024762
0 0.332857 0.016667 0.015714 0.031429
0 0.345000 0.013333 0.014286 0.026667
0 0.357143 0.008571 0.010000 0.017143
0 0.402500 0.063333 0.010714 0.029524
0 0.434286 0.143333 0.010000 0.035238
0 0.440357 0.263810 0.010714 0.030476
0 0.470714 0.867619 0.011429 0.030476
0 0.485000 0.855238 0.010000 0.030476
0 0.561429 0.607143 0.011429 0.031429
0 0.809643 0.627619 0.010714 0.030476
0 0.792500 0.515714 0.020714 0.012381
0 0.928571 0.065714 0.012857 0.026667
0 0.938571 0.071429 0.011429 0.026667
0 0.950000 0.075238 0.012857 0.024762
0 0.991786 0.232857 0.016429 0.020000
