0 0.020000 0.100000 0.040000 0.036190
0 0.094286 0.087619 0.055714 0.040000
0 0.387857 0.628571 0.037143 0.097143
0 0.396071 0.901429 0.059286 0.075238
0 0.633571 0.978095 0.042857 0.041905
0 0.690714 0.893333 0.052857 0.129524
0 0.546786 0.747143 0.040714 0.120952
0 0.623214 0.693333 0.043571 0.106667
0 0.636071 0.582381 0.042143 0.105714
0 0.521429 0.487143 0.032857 0.090476
0 0.610000 0.425714 0.042857 0.099048
0 0.556429 0.325238 0.032857 0.080952
0 0.552500 0.166667 0.037857 0.060952
0 0.518571 0.128571 0.028571 0.049524
0 0.570714 0.034762 0.051429 0.054286
0 0.647857 0.009524 0.051429 0.019048
