0 0.016786 0.946701 0.019286 0.060914
0 0.175000 0.963832 0.020000 0.059645
0 0.359286 0.905457 0.032857 0.036802
0 0.549643 0.777919 0.032143 0.032995
0 0.216071 0.823604 0.020714 0.055838
0 0.006429 0.379442 0.012857 0.040609
0 0.068929 0.477157 0.022143 0.045685
0 0.107143 0.443528 0.022857 0.044416
0 0.126071 0.399746 0.022143 0.043147
0 0.168929 0.623096 0.022143 0.050761
0 0.801429 0.335660 0.024286 0.031726
0 0.131071 0.008249 0.016429 0.016497
0 0.191071 0.081853 0.022143 0.034264
0 0.226429 0.122462 0.024286 0.034264
0 0.254286 0.154188 0.027143 0.041878
0 0.281786 0.189721 0.025000 0.034264
0 0.310714 0.219543 0.024286 0.035533
0 0.342500 0.248731 0.022143 0.030457
0 0.377143 0.265863 0.024286 0.026650
0 0.801786 0.124365 0.026429 0.032995
0 0.809643 0.059010 0.023571 0.031726
0 0.822500 0.019036 0.026429 0.035533
0 0.905000 0.120558 0.022857 0.025381
0 0.916429 0.224619 0.022857 0.053299
0 0.883929 0.222716 0.015000 0.046954
0 0.857143 0.011421 0.015714 0.022843
