0 0.703571 0.687619 0.060000 0.100952
0 0.745714 0.594762 0.072857 0.075238
0 0.840357 0.509524 0.072143 0.076190
0 0.821429 0.458571 0.072857 0.079048
0 0.906429 0.450000 0.071429 0.079048
0 0.963214 0.388571 0.073571 0.078095
0 0.476071 0.169048 0.069286 0.058095
0 0.553929 0.155238 0.046429 0.083810
0 0.497143 0.120952 0.070000 0.053333
0 0.513929 0.081429 0.070714 0.056190
0 0.587857 0.074286 0.051429 0.091429
0 0.612500 0.018571 0.035000 0.037143
0 0.523571 0.047143 0.068571 0.052381
0 0.537143 0.022381 0.070000 0.044762
