0 0.382500 0.354762 0.030714 0.021905
0 0.400714 0.367619 0.011429 0.007619
0 0.122500 0.471905 0.016429 0.014286
0 0.137857 0.480476 0.021429 0.016190
0 0.011071 0.520000 0.020714 0.019048
0 0.212857 0.561905 0.017143 0.019048
0 0.208929 0.624286 0.033571 0.042857
0 0.199643 0.659524 0.032143 0.033333
0 0.109643 0.979048 0.072143 0.041905
0 0.265714 0.824762 0.045714 0.060952
0 0.307857 0.820952 0.040000 0.055238
0 0.431429 0.603333 0.022857 0.029524
0 0.389643 0.647143 0.029286 0.031429
0 0.358571 0.702857 0.044286 0.057143
0 0.489643 0.535238 0.020714 0.020952
0 0.487857 0.512381 0.018571 0.020952
0 0.521786 0.499524 0.017857 0.020000
0 0.517143 0.485238 0.018571 0.020000
0 0.540000 0.456190 0.014286 0.019048
0 0.567857 0.440952 0.012857 0.019048
0 0.582143 0.421429 0.015714 0.016190
0 0.557857 0.425714 0.020000 0.028571
0 0.599286 0.597619 0.044286 0.037143
0 0.755000 0.207619 0.004286 0.003810
0 0.706786 0.242381 0.006429 0.010476
0 0.695714 0.256667 0.008571 0.016190
0 0.693929 0.234762 0.006429 0.008571
0 0.684643 0.274762 0.006429 0.008571
0 0.663214 0.298571 0.006429 0.010476
0 0.644286 0.324286 0.010000 0.016190
0 0.654643 0.310000 0.007857 0.014286
0 0.631071 0.343810 0.015000 0.024762
0 0.677500 0.273810 0.006429 0.008571
0 0.677143 0.286667 0.004286 0.005714
0 0.672857 0.293333 0.005714 0.007619
0 0.611429 0.366190 0.007143 0.014286
