0 0.288214 0.084391 0.013571 0.029188
0 0.288571 0.121193 0.014286 0.029188
0 0.329286 0.170051 0.014286 0.030457
0 0.459643 0.407995 0.017857 0.036802
0 0.378929 0.245558 0.016429 0.029188
0 0.428214 0.378173 0.016429 0.027919
0 0.435000 0.465102 0.015714 0.026650
0 0.439643 0.370558 0.015000 0.030457
0 0.367500 0.961929 0.017857 0.050761
0 0.386786 0.888959 0.012143 0.034264
0 0.385357 0.948604 0.012143 0.031726
0 0.406786 0.872462 0.015000 0.031726
0 0.354643 0.847716 0.012143 0.043147
0 0.399643 0.767766 0.016429 0.040609
0 0.421429 0.813452 0.014286 0.043147
0 0.441429 0.750000 0.018571 0.043147
0 0.426786 0.743655 0.015000 0.043147
0 0.563214 0.084391 0.017857 0.031726
0 0.516786 0.071701 0.015000 0.039340
0 0.589643 0.729061 0.017857 0.034264
0 0.588214 0.621827 0.016429 0.032995
0 0.547500 0.506980 0.009286 0.039340
0 0.548214 0.618655 0.013571 0.044416
0 0.729286 0.784898 0.012857 0.036802
0 0.762143 0.622462 0.011429 0.031726
0 0.741071 0.614213 0.013571 0.032995
0 0.792143 0.569797 0.014286 0.040609
0 0.797857 0.454315 0.011429 0.032995
0 0.819643 0.324873 0.009286 0.030457
0 0.778214 0.442259 0.012143 0.031726
0 0.823214 0.026015 0.009286 0.024112
0 0.816429 0.180838 0.008571 0.026650
0 0.836786 0.197335 0.009286 0.031726
0 0.806429 0.138959 0.007143 0.029188
0 0.847500 0.007614 0.009286 0.015228
0 0.861429 0.044416 0.008571 0.022843
0 0.847857 0.079949 0.008571 0.027919
0 0.852500 0.208122 0.006429 0.025381
0 0.860000 0.128173 0.010000 0.032995
