0 0.877857 0.127538 0.022857 0.036802
0 0.774286 0.222716 0.024286 0.029188
0 0.801429 0.201777 0.024286 0.027919
0 0.616786 0.437817 0.043571 0.050761
0 0.192857 0.479695 0.021429 0.048223
0 0.193929 0.326142 0.019286 0.040609
0 0.295000 0.340102 0.021429 0.053299
0 0.317143 0.303299 0.018571 0.040609
0 0.312143 0.263959 0.015714 0.040609
0 0.305000 0.215102 0.017143 0.044416
0 0.292857 0.180203 0.018571 0.040609
0 0.241429 0.106599 0.028571 0.025381
0 0.249643 0.213198 0.019286 0.035533
0 0.271786 0.156726 0.017857 0.031726
0 0.039286 0.010152 0.015714 0.020305
0 0.089286 0.036802 0.014286 0.022843
0 0.139643 0.027919 0.013571 0.025381
