0 0.389250 0.513000 0.052500 0.090000
0 0.340250 0.503667 0.062500 0.088667
0 0.548750 0.229000 0.021500 0.022000
0 0.598750 0.254667 0.023500 0.029333
0 0.616500 0.267333 0.023000 0.030667
0 0.496250 0.181000 0.009500 0.015333
0 0.491250 0.176000 0.008500 0.013333
0 0.568500 0.222333 0.029000 0.016667
0 0.527500 0.214000 0.016000 0.018667
0 0.889500 0.416000 0.067000 0.066667
0 0.811000 0.727667 0.121000 0.103333
0 0.912000 0.627333 0.091000 0.092000
0 0.923250 0.577333 0.092500 0.094667
0 0.950750 0.488000 0.083500 0.060000
0 0.907250 0.460667 0.064500 0.045333
0 0.840500 0.430333 0.065000 0.062000
0 0.786500 0.392667 0.056000 0.042667
0 0.739000 0.357333 0.047000 0.037333
0 0.694500 0.327667 0.038000 0.030000
0 0.666750 0.300333 0.033500 0.032667
0 0.638750 0.287667 0.032500 0.028667
0 0.521250 0.198333 0.013500 0.014000
0 0.515500 0.192667 0.013000 0.013333
0 0.471500 0.173667 0.012000 0.011333
0 0.484500 0.172333 0.010000 0.012667
0 0.473250 0.163333 0.009500 0.010667
0 0.468500 0.159000 0.008000 0.010000
0 0.462500 0.155667 0.009000 0.011333
0 0.480250 0.167000 0.008500 0.012667
0 0.322750 0.336667 0.050500 0.029333
0 0.347250 0.321667 0.048500 0.030000
0 0.435000 0.189667 0.013000 0.015333
0 0.444000 0.199667 0.013000 0.018000
0 0.444250 0.175667 0.018500 0.014000
0 0.919750 0.907000 0.156500 0.143333
