0 0.154643 0.394670 0.059286 0.053299
0 0.030714 0.478426 0.061429 0.058376
0 0.098571 0.434645 0.057143 0.052030
0 0.076429 0.189086 0.024286 0.045685
0 0.030000 0.206853 0.024286 0.045685
0 0.106429 0.141497 0.017143 0.031726
0 0.085000 0.146574 0.020000 0.039340
0 0.063571 0.158629 0.020000 0.035533
0 0.043214 0.164340 0.020714 0.031726
0 0.022500 0.183376 0.020714 0.039340
0 0.010000 0.213832 0.020000 0.054569
0 0.007143 0.128807 0.014286 0.039340
0 0.041786 0.107868 0.020714 0.035533
0 0.444286 0.038706 0.012857 0.034264
0 0.820357 0.011421 0.025000 0.022843
