0 0.278000 0.164667 0.009000 0.009333
0 0.281750 0.161667 0.009500 0.008667
0 0.285500 0.156667 0.012000 0.008000
0 0.294250 0.150667 0.007500 0.009333
0 0.322000 0.131000 0.008000 0.006000
0 0.328750 0.128333 0.006500 0.006000
0 0.256250 0.180333 0.012500 0.010000
0 0.266750 0.180333 0.011500 0.010000
0 0.276500 0.179000 0.008000 0.012667
0 0.375000 0.195000 0.019000 0.011333
0 0.392000 0.189000 0.018000 0.010000
0 0.404250 0.194333 0.017500 0.012667
0 0.412750 0.199667 0.018500 0.015333
0 0.446750 0.164000 0.007500 0.009333
0 0.460750 0.163667 0.006500 0.008667
0 0.417000 0.219333 0.010000 0.018667
0 0.419750 0.234000 0.009500 0.020000
0 0.458250 0.202000 0.009500 0.012000
0 0.475500 0.184667 0.015000 0.013333
0 0.420500 0.313667 0.018000 0.027333
0 0.453000 0.285667 0.015000 0.022000
0 0.475250 0.290667 0.016500 0.024000
0 0.436250 0.395333 0.052500 0.040000
0 0.586500 0.487667 0.033000 0.056667
0 0.494000 0.266000 0.014000 0.017333
0 0.496750 0.290667 0.017500 0.021333
0 0.483500 0.316333 0.017000 0.024667
0 0.685000 0.758333 0.075000 0.119333
