0 0.177857 0.987310 0.071429 0.022843
0 0.607143 0.508249 0.014286 0.044416
0 0.609643 0.418147 0.013571 0.039340
0 0.610357 0.375635 0.012143 0.038071
0 0.611071 0.322970 0.012143 0.044416
0 0.605000 0.281091 0.014286 0.039340
0 0.589643 0.250635 0.017857 0.029188
0 0.569643 0.186548 0.025000 0.027919
0 0.453214 0.138325 0.010714 0.022843
0 0.273571 0.157995 0.012857 0.034264
0 0.330357 0.183376 0.026429 0.029188
0 0.335357 0.192893 0.027857 0.025381
0 0.343214 0.254442 0.013571 0.026650
0 0.290357 0.254442 0.025000 0.019036
0 0.333929 0.229061 0.015000 0.026650
0 0.356429 0.230330 0.021429 0.021574
0 0.330357 0.313452 0.017857 0.032995
0 0.014286 0.513325 0.028571 0.034264
0 0.011429 0.528553 0.022857 0.041878
0 0.031786 0.558376 0.023571 0.053299
0 0.028571 0.608503 0.025714 0.057107
0 0.022143 0.671954 0.031429 0.095178
0 0.052143 0.748096 0.031429 0.105330
0 0.134643 0.689721 0.069286 0.057107
0 0.160000 0.736675 0.025714 0.064721
0 0.122857 0.451777 0.020000 0.050761
0 0.164643 0.435914 0.016429 0.041878
0 0.224643 0.436548 0.050714 0.053299
0 0.260357 0.503807 0.019286 0.045685
0 0.238571 0.500635 0.020000 0.049492
0 0.216071 0.507614 0.017857 0.040609
0 0.219286 0.554569 0.018571 0.050761
0 0.125357 0.538706 0.019286 0.039340
0 0.101071 0.543147 0.022143 0.055838
0 0.170357 0.519670 0.019286 0.046954
0 0.194286 0.510787 0.020000 0.046954
0 0.172857 0.574239 0.021429 0.059645
0 0.147857 0.529188 0.020000 0.045685
0 0.195357 0.553299 0.019286 0.065990
0 0.147143 0.574873 0.024286 0.083756
0 0.099286 0.589467 0.021429 0.062183
