0 0.580830 0.676050 0.140200 0.140267
0 0.639843 0.765267 0.150930 0.183206
0 0.724964 0.830630 0.133763 0.186069
0 0.701359 0.604485 0.116595 0.153626
0 0.242132 0.287691 0.070815 0.100191
0 0.122675 0.131679 0.060801 0.082061
0 0.240343 0.913645 0.155937 0.163168
0 0.075465 0.221851 0.047926 0.090649
0 0.112303 0.324427 0.067239 0.106870
0 0.199571 0.208492 0.061516 0.083015
0 0.169886 0.448473 0.070815 0.118321
0 0.079757 0.048664 0.063662 0.089695
0 0.027897 0.033397 0.035765 0.051527
0 0.040773 0.145515 0.035765 0.060115
0 0.170243 0.050095 0.088698 0.075382
0 0.143777 0.031966 0.078684 0.063931
0 0.796495 0.909351 0.125179 0.173664
0 0.889127 0.956107 0.100143 0.085878
