0 0.310714 0.094286 0.025714 0.040000
0 0.310000 0.144286 0.024286 0.046667
0 0.381786 0.206190 0.025000 0.054286
0 0.576071 0.694286 0.036429 0.070476
0 0.682500 0.643810 0.036429 0.080000
0 0.718214 0.634762 0.042143 0.075238
0 0.632143 0.439048 0.035714 0.064762
0 0.662857 0.433810 0.035714 0.061905
0 0.690714 0.427619 0.035714 0.057143
0 0.881786 0.396667 0.043571 0.063810
0 0.863571 0.298571 0.040000 0.050476
0 0.956786 0.269524 0.053571 0.041905
0 0.976429 0.299048 0.047143 0.040000
