0 0.395000 0.712667 0.162000 0.117333
0 0.496000 0.570000 0.055000 0.116000
0 0.426750 0.380333 0.043500 0.062000
0 0.500500 0.309667 0.028000 0.042000
0 0.501750 0.277000 0.024500 0.036667
0 0.582000 0.267667 0.033000 0.030000
0 0.521750 0.181333 0.016500 0.021333
0 0.545500 0.162000 0.019000 0.018667
0 0.469000 0.185333 0.018000 0.028000
0 0.468000 0.156667 0.025000 0.021333
0 0.460500 0.151000 0.023000 0.018000
0 0.421000 0.152000 0.026000 0.012000
0 0.434500 0.148000 0.028000 0.014667
0 0.450250 0.143667 0.023500 0.015333
0 0.510500 0.130000 0.011000 0.013333
