0 0.748500 0.092000 0.006000 0.008000
0 0.745250 0.098667 0.006500 0.009333
0 0.738750 0.096333 0.005500 0.007333
0 0.739500 0.103000 0.007000 0.007333
0 0.733000 0.122000 0.007000 0.009333
0 0.387500 0.322333 0.040000 0.028667
0 0.439250 0.332667 0.036500 0.026667
0 0.458250 0.312333 0.042500 0.028667
0 0.423000 0.417333 0.042000 0.052000
0 0.527750 0.215667 0.024500 0.015333
0 0.548500 0.202667 0.022000 0.017333
0 0.702250 0.100000 0.014500 0.012000
0 0.710750 0.144333 0.007500 0.011333
0 0.704750 0.150667 0.008500 0.013333
0 0.707500 0.146333 0.009000 0.014000
0 0.698000 0.207000 0.015000 0.015333
0 0.721250 0.258667 0.024500 0.025333
0 0.722500 0.280667 0.022000 0.028000
0 0.630500 0.272000 0.018000 0.026667
0 0.603750 0.282333 0.022500 0.024667
0 0.674250 0.477000 0.034500 0.068667
