0 0.204286 0.510476 0.044286 0.038095
0 0.835000 0.677619 0.027143 0.061905
0 0.910714 0.772381 0.027143 0.068571
0 0.939643 0.753810 0.030714 0.077143
0 0.950714 0.625238 0.025714 0.056190
0 0.971071 0.731429 0.029286 0.066667
0 0.991429 0.599048 0.017143 0.053333
0 0.990357 0.715714 0.019286 0.065714
0 0.573214 0.922857 0.042143 0.087619
0 0.445357 0.505714 0.023571 0.047619
0 0.411429 0.404286 0.018571 0.037143
0 0.481786 0.381905 0.023571 0.032381
0 0.453571 0.319524 0.020000 0.029524
0 0.466429 0.350952 0.022857 0.031429
0 0.384643 0.149524 0.013571 0.019048
0 0.395714 0.342857 0.018571 0.028571
0 0.405714 0.370476 0.020000 0.036190
0 0.477500 0.611429 0.025000 0.053333
0 0.459286 0.554286 0.022857 0.055238
0 0.383571 0.307619 0.018571 0.034286
0 0.373571 0.273333 0.021429 0.034286
0 0.335000 0.153333 0.011429 0.019048
