0 0.622857 0.165714 0.002857 0.003810
0 0.574286 0.182381 0.002857 0.004762
0 0.576071 0.189524 0.003571 0.005714
0 0.561786 0.286667 0.012143 0.013333
0 0.486786 0.283810 0.006429 0.011429
0 0.503929 0.317143 0.012143 0.011429
0 0.525000 0.302381 0.012857 0.010476
0 0.203571 0.642381 0.032857 0.035238
0 0.222500 0.808095 0.037857 0.050476
0 0.276429 0.694762 0.042857 0.029524
0 0.238214 0.514286 0.027857 0.015238
0 0.259286 0.739524 0.044286 0.035238
0 0.037857 0.943333 0.062857 0.048571
0 0.660714 0.475714 0.011429 0.023810
0 0.834286 0.403810 0.021429 0.015238
0 0.851786 0.417143 0.013571 0.019048
0 0.862500 0.358095 0.015000 0.011429
0 0.871786 0.362857 0.019286 0.013333
0 0.826071 0.323810 0.017857 0.013333
0 0.830357 0.335714 0.013571 0.010476
0 0.447143 0.281429 0.011429 0.008571
0 0.473571 0.263810 0.014286 0.007619
