0 0.160357 0.901429 0.055000 0.044762
0 0.280000 0.884286 0.037143 0.090476
0 0.441429 0.927143 0.030000 0.082857
0 0.603214 0.666667 0.042143 0.043810
0 0.618571 0.570952 0.042857 0.029524
0 0.621429 0.541905 0.042857 0.030476
0 0.620357 0.516667 0.040714 0.029524
0 0.623929 0.487143 0.037857 0.035238
0 0.700000 0.457619 0.044286 0.027619
0 0.625000 0.428571 0.037143 0.034286
0 0.645000 0.386190 0.017143 0.048571
0 0.691429 0.181429 0.015714 0.039048
0 0.644643 0.124286 0.016429 0.039048
0 0.672500 0.087143 0.013571 0.035238
0 0.652143 0.050476 0.015714 0.036190
0 0.655357 0.017143 0.016429 0.034286
0 0.476429 0.385238 0.028571 0.042857
0 0.532500 0.330000 0.019286 0.048571
0 0.433929 0.137143 0.019286 0.041905
0 0.427143 0.060000 0.020000 0.041905
0 0.628571 0.363810 0.020000 0.047619
0 0.647500 0.340476 0.017857 0.044762
0 0.557857 0.082857 0.015714 0.036190
0 0.580357 0.037619 0.017857 0.035238
0 0.207500 0.176190 0.035000 0.024762
0 0.055357 0.335238 0.043571 0.051429
