0 0.591000 0.917667 0.140000 0.164667
0 0.563500 0.527667 0.107000 0.139333
0 0.478000 0.288333 0.036000 0.050000
0 0.465750 0.237333 0.029500 0.046667
0 0.396500 0.235667 0.033000 0.042000
0 0.440500 0.201000 0.019000 0.032667
0 0.330250 0.195000 0.036500 0.026000
0 0.302500 0.173333 0.018000 0.021333
0 0.313000 0.158000 0.016000 0.017333
0 0.284250 0.158000 0.020500 0.018667
0 0.294750 0.152000 0.016500 0.014667
0 0.303750 0.143000 0.015500 0.018000
0 0.310250 0.138333 0.012500 0.018000
0 0.317250 0.136000 0.010500 0.013333
0 0.322250 0.131333 0.013500 0.014667
0 0.326750 0.128000 0.012500 0.012000
0 0.344500 0.146000 0.015000 0.018667
0 0.336750 0.119333 0.011500 0.014667
0 0.515500 0.188000 0.020000 0.026667
0 0.522500 0.197667 0.025000 0.024667
0 0.670000 0.227333 0.043000 0.041333
0 0.714500 0.188000 0.020000 0.025333
0 0.760500 0.215333 0.040000 0.028000
0 0.767500 0.230000 0.042000 0.033333
0 0.709250 0.218000 0.046500 0.026667
