0 0.378571 0.082857 0.035714 0.043810
0 0.487500 0.022381 0.042143 0.033333
0 0.485357 0.051429 0.045000 0.032381
0 0.485714 0.080952 0.048571 0.034286
0 0.469286 0.147619 0.045714 0.036190
0 0.474286 0.115238 0.048571 0.036190
0 0.470357 0.178095 0.040714 0.034286
0 0.513214 0.218571 0.046429 0.039048
0 0.456071 0.208095 0.046429 0.037143
0 0.722857 0.350000 0.044286 0.035238
0 0.693929 0.273810 0.045000 0.035238
0 0.639643 0.257619 0.046429 0.035238
0 0.609286 0.321905 0.044286 0.036190
0 0.581071 0.274286 0.047857 0.034286
0 0.550000 0.307619 0.052857 0.038095
0 0.488571 0.300000 0.048571 0.032381
0 0.460714 0.372381 0.050000 0.034286
0 0.453929 0.448571 0.053571 0.034286
0 0.451429 0.513810 0.044286 0.033333
0 0.443929 0.544286 0.045000 0.029524
0 0.950714 0.903333 0.030000 0.079048
0 0.387857 0.980952 0.057143 0.038095
0 0.408214 0.915714 0.057857 0.052381
0 0.342143 0.966667 0.032857 0.066667
0 0.294643 0.907619 0.029286 0.066667
0 0.416071 0.864286 0.063571 0.039048
0 0.410714 0.815714 0.055714 0.040952
0 0.420357 0.765238 0.057857 0.039048
0 0.422143 0.720476 0.054286 0.037143
0 0.419643 0.671429 0.046429 0.030476
0 0.426429 0.630000 0.058571 0.037143
0 0.425714 0.588095 0.051429 0.035238
0 0.327857 0.508095 0.055714 0.035238
