0 0.603500 0.928333 0.065000 0.143333
0 0.579750 0.770667 0.063500 0.130667
0 0.420250 0.747333 0.042500 0.105333
0 0.408500 0.921333 0.053000 0.152000
0 0.557000 0.665000 0.051000 0.099333
0 0.433750 0.647667 0.059500 0.091333
0 0.426250 0.556667 0.033500 0.061333
0 0.426750 0.491333 0.029500 0.058667
0 0.432000 0.443667 0.025000 0.046000
0 0.464250 0.487000 0.029500 0.048667
0 0.493000 0.544000 0.034000 0.060000
0 0.525250 0.508000 0.033500 0.061333
0 0.785000 0.427667 0.054000 0.044667
0 0.829250 0.445667 0.029500 0.047333
0 0.819000 0.345000 0.044000 0.024667
0 0.750000 0.337667 0.051000 0.030000
0 0.532750 0.392667 0.027500 0.038667
0 0.503250 0.401000 0.025500 0.040667
0 0.455750 0.397667 0.030500 0.035333
0 0.422750 0.401333 0.023500 0.033333
0 0.477250 0.368667 0.035500 0.044000
0 0.490750 0.352000 0.039500 0.025333
0 0.514500 0.334667 0.020000 0.029333
0 0.439000 0.363333 0.042000 0.030667
0 0.447000 0.312333 0.024000 0.023333
0 0.423250 0.325333 0.016500 0.024000
0 0.394500 0.356000 0.033000 0.034667
0 0.345750 0.396333 0.051500 0.034000
0 0.323250 0.355667 0.044500 0.024667
0 0.305250 0.374000 0.044500 0.030667
0 0.348500 0.340667 0.040000 0.030667
0 0.366000 0.330333 0.035000 0.026000
0 0.388500 0.317000 0.036000 0.024667
0 0.399000 0.304000 0.034000 0.028000
0 0.427000 0.300667 0.015000 0.020000
0 0.429750 0.279000 0.013500 0.022000
0 0.403750 0.288000 0.026500 0.021333
0 0.351750 0.308667 0.022500 0.025333
0 0.315750 0.330667 0.035500 0.024000
0 0.290500 0.340000 0.030000 0.026667
0 0.325500 0.302667 0.030000 0.024000
0 0.583500 0.287000 0.018000 0.027333
0 0.624250 0.288333 0.028500 0.026000
0 0.866000 0.292667 0.046000 0.021333
0 0.870500 0.276667 0.034000 0.017333
0 0.830000 0.277667 0.034000 0.020667
0 0.813250 0.268333 0.026500 0.019333
0 0.868250 0.286000 0.038500 0.016000
0 0.795000 0.289333 0.034000 0.020000
0 0.772750 0.262667 0.033500 0.018667
0 0.789750 0.259000 0.023500 0.014000
0 0.783250 0.247667 0.024500 0.016667
0 0.771500 0.244333 0.022000 0.018000
0 0.787250 0.230333 0.017500 0.019333
0 0.794500 0.222667 0.009000 0.016000
0 0.732750 0.220667 0.020500 0.014667
0 0.718250 0.241000 0.029500 0.016667
0 0.781000 0.211667 0.018000 0.016667
0 0.796000 0.212333 0.016000 0.016667
0 0.746750 0.204667 0.023500 0.012000
0 0.706000 0.200667 0.025000 0.013333
0 0.700000 0.181667 0.018000 0.010000
0 0.797750 0.189333 0.023500 0.012000
0 0.757000 0.218667 0.013000 0.014667
0 0.704000 0.216667 0.016000 0.016000
0 0.607500 0.145667 0.013000 0.008667
