0 0.428750 0.237000 0.037500 0.026000
0 0.448000 0.214667 0.042000 0.030667
0 0.718250 0.040667 0.009500 0.014667
0 0.710500 0.033667 0.009000 0.015333
0 0.729250 0.041000 0.009500 0.014000
0 0.713250 0.026667 0.007500 0.014667
0 0.718250 0.026333 0.007500 0.012667
0 0.705000 0.088667 0.023000 0.014667
0 0.723250 0.174667 0.022500 0.029333
0 0.720750 0.149333 0.029500 0.022667
0 0.409500 0.324667 0.038000 0.048000
0 0.515250 0.159333 0.019500 0.014667
0 0.627000 0.167333 0.019000 0.026667
0 0.637500 0.151667 0.018000 0.024667
0 0.542500 0.096333 0.026000 0.016667
0 0.580000 0.093000 0.031000 0.020667
0 0.520750 0.111333 0.029500 0.016000
0 0.373250 0.228333 0.044500 0.028667
0 0.500250 0.304333 0.047500 0.044667
0 0.663250 0.384333 0.030500 0.059333
0 0.635250 0.503333 0.038500 0.090667
0 0.505250 0.526667 0.053500 0.080000
0 0.598000 0.174000 0.029000 0.030667
