0 0.276071 0.171954 0.005000 0.008883
0 0.248214 0.272208 0.015000 0.013959
0 0.289643 0.256980 0.009286 0.021574
0 0.336429 0.294416 0.018571 0.017766
0 0.316786 0.471447 0.013571 0.029188
0 0.319286 0.592005 0.017143 0.039340
0 0.294643 0.642132 0.017857 0.043147
0 0.323929 0.642132 0.019286 0.053299
0 0.699286 0.859137 0.052857 0.055838
0 0.741429 0.809645 0.048571 0.045685
0 0.617500 0.879442 0.050714 0.050761
0 0.668929 0.828680 0.045000 0.045685
0 0.606429 0.842640 0.051429 0.043147
