0 0.098929 0.116117 0.019286 0.044416
0 0.085714 0.260152 0.038571 0.025381
0 0.175714 0.293147 0.044286 0.032995
0 0.218571 0.253807 0.037143 0.032995
0 0.126429 0.379442 0.040000 0.027919
0 0.232143 0.414340 0.040000 0.021574
0 0.343214 0.281091 0.036429 0.034264
0 0.325714 0.411802 0.032857 0.024112
0 0.319286 0.375635 0.035714 0.027919
0 0.373929 0.373096 0.037857 0.032995
0 0.382143 0.413706 0.037143 0.035533
0 0.245357 0.009518 0.013571 0.019036
0 0.295000 0.453680 0.038571 0.029188
