0 0.563571 0.662857 0.062857 0.118095
0 0.496786 0.559048 0.062143 0.118095
0 0.591429 0.285238 0.048571 0.077143
0 0.806429 0.184286 0.035714 0.061905
0 0.675000 0.120000 0.037143 0.060952
0 0.610357 0.099524 0.036429 0.048571
0 0.582857 0.149048 0.040000 0.048571
0 0.529643 0.243333 0.047857 0.067619
0 0.791071 0.101905 0.030714 0.040000
0 0.780357 0.029524 0.049286 0.036190
0 0.722143 0.021429 0.028571 0.042857
0 0.955714 0.957619 0.088571 0.084762
0 0.978214 0.762857 0.043571 0.129524
