0 0.049286 0.300000 0.055714 0.040000
0 0.111429 0.298571 0.065714 0.039048
0 0.285000 0.023333 0.051429 0.039048
0 0.385714 0.026667 0.047143 0.040000
0 0.330714 0.081429 0.037143 0.056190
0 0.356071 0.143333 0.027857 0.061905
0 0.421786 0.216190 0.035000 0.070476
0 0.297500 0.262857 0.027857 0.085714
0 0.290000 0.539048 0.037143 0.085714
0 0.232500 0.883333 0.043571 0.090476
0 0.570714 0.040000 0.050000 0.041905
0 0.525000 0.320952 0.025714 0.064762
0 0.522143 0.539048 0.027143 0.064762
0 0.516429 0.783810 0.027143 0.087619
0 0.513571 0.965238 0.030000 0.069524
0 0.907143 0.022381 0.060000 0.039048
