0 0.219250 0.898000 0.150500 0.121333
0 0.032000 0.789667 0.064000 0.162000
0 0.690750 0.916000 0.157500 0.118667
0 0.823250 0.971333 0.173500 0.057333
0 0.829250 0.310667 0.083500 0.056000
0 0.928500 0.332000 0.084000 0.050667
0 0.490750 0.359333 0.068500 0.061333
0 0.442000 0.391667 0.077000 0.074000
0 0.232250 0.300667 0.046500 0.056000
0 0.150500 0.367000 0.079000 0.068667
0 0.191000 0.383000 0.081000 0.066000
0 0.086500 0.167000 0.041000 0.035333
0 0.054000 0.184667 0.049000 0.044000
0 0.079500 0.196000 0.041000 0.040000
0 0.099250 0.207333 0.052500 0.048000
0 0.021750 0.217333 0.043500 0.044000
0 0.510750 0.093667 0.036500 0.034000
0 0.546250 0.074333 0.035500 0.032667
