0 0.154286 0.555714 0.024286 0.029524
0 0.136071 0.574762 0.025000 0.021905
0 0.221071 0.663810 0.020714 0.043810
0 0.232143 0.617143 0.015714 0.038095
0 0.304643 0.505714 0.013571 0.032381
0 0.284643 0.473810 0.013571 0.031429
0 0.507857 0.572857 0.025714 0.031429
0 0.589643 0.542857 0.015000 0.036190
0 0.606071 0.544286 0.012143 0.039048
0 0.556071 0.537619 0.010714 0.031429
0 0.541786 0.537619 0.012143 0.029524
0 0.248929 0.657143 0.017857 0.038095
0 0.361071 0.201905 0.007857 0.011429
0 0.329643 0.240000 0.009286 0.013333
0 0.342143 0.204286 0.005714 0.010476
0 0.338929 0.217143 0.007857 0.013333
0 0.361071 0.163333 0.005000 0.010476
0 0.348571 0.196667 0.008571 0.010476
0 0.348929 0.187619 0.006429 0.011429
0 0.363571 0.157619 0.007143 0.008571
0 0.375357 0.130476 0.005000 0.009524
0 0.372143 0.138095 0.005714 0.007619
0 0.396429 0.112381 0.004286 0.007619
0 0.384643 0.109524 0.005000 0.005714
0 0.379643 0.120476 0.005000 0.006667
0 0.357143 0.172381 0.007143 0.009524
0 0.161071 0.831429 0.053571 0.030476
0 0.030357 0.799524 0.046429 0.031429
0 0.031786 0.651905 0.039286 0.025714
0 0.168571 0.539524 0.024286 0.023810
0 0.182857 0.522381 0.027143 0.025714
0 0.139286 0.506667 0.030000 0.019048
0 0.236071 0.460952 0.020714 0.024762
0 0.171071 0.452857 0.025000 0.016190
0 0.166786 0.440952 0.025000 0.017143
0 0.260000 0.486190 0.014286 0.029524
0 0.224286 0.478571 0.024286 0.020000
0 0.160357 0.467143 0.029286 0.014286
0 0.157500 0.482857 0.029286 0.015238
0 0.198214 0.511905 0.027857 0.021905
0 0.147143 0.495238 0.032857 0.017143
0 0.189286 0.429048 0.022857 0.010476
0 0.655357 0.956667 0.056429 0.033333
0 0.599643 0.892381 0.049286 0.032381
0 0.810714 0.920476 0.050000 0.037143
0 0.833214 0.699048 0.026429 0.038095
0 0.507143 0.372857 0.022857 0.016190
0 0.507143 0.382857 0.022857 0.013333
0 0.452143 0.375238 0.021429 0.015238
0 0.449286 0.383333 0.020000 0.014286
0 0.451786 0.394286 0.023571 0.015238
0 0.452500 0.405714 0.017857 0.013333
0 0.455357 0.421905 0.022143 0.017143
0 0.510714 0.440952 0.022857 0.015238
0 0.511429 0.429524 0.021429 0.013333
0 0.513214 0.417143 0.026429 0.015238
0 0.512143 0.410952 0.022857 0.010476
0 0.448929 0.447619 0.025000 0.019048
0 0.318571 0.415238 0.011429 0.022857
0 0.313929 0.280952 0.009286 0.017143
0 0.310000 0.358095 0.011429 0.022857
0 0.308571 0.295714 0.008571 0.018095
0 0.236071 0.290476 0.009286 0.015238
