0 0.177143 0.904822 0.044286 0.137056
0 0.508214 0.971447 0.043571 0.054569
0 0.540714 0.955584 0.051429 0.086294
0 0.572857 0.944797 0.055714 0.107868
0 0.607857 0.931472 0.052857 0.119289
0 0.347143 0.975888 0.031429 0.045685
0 0.486429 0.720178 0.047143 0.097716
0 0.627143 0.577411 0.041429 0.065990
0 0.589643 0.505076 0.033571 0.060914
0 0.476429 0.296320 0.030000 0.044416
0 0.420357 0.234772 0.023571 0.043147
0 0.453571 0.304569 0.022857 0.043147
0 0.420357 0.202411 0.020714 0.026650
0 0.400357 0.203046 0.019286 0.030457
0 0.435000 0.227157 0.018571 0.035533
0 0.407500 0.173223 0.022143 0.041878
0 0.363571 0.085025 0.034286 0.065990
