0 0.163929 0.365714 0.052143 0.064762
0 0.151071 0.246667 0.047857 0.062857
0 0.107857 0.248095 0.052857 0.069524
0 0.064286 0.249048 0.047143 0.061905
0 0.027143 0.247619 0.051429 0.068571
0 0.013929 0.354762 0.027857 0.058095
0 0.396786 0.859048 0.047857 0.053333
0 0.507500 0.809524 0.022143 0.072381
0 0.450357 0.643810 0.023571 0.068571
0 0.509286 0.289524 0.022857 0.068571
0 0.515357 0.033810 0.023571 0.067619
0 0.427500 0.025238 0.032143 0.050476
0 0.510714 0.720952 0.022857 0.068571
0 0.510000 0.632381 0.020000 0.062857
0 0.479643 0.484286 0.026429 0.058095
0 0.285000 0.891429 0.038571 0.030476
0 0.800000 0.939048 0.054286 0.038095
