0 0.515000 0.865482 0.084286 0.096447
0 0.376429 0.748096 0.078571 0.082487
0 0.129643 0.704949 0.079286 0.062183
0 0.859286 0.435279 0.017143 0.040609
0 0.398214 0.409264 0.022143 0.049492
0 0.214286 0.718909 0.075714 0.064721
0 0.301786 0.737310 0.076429 0.060914
0 0.118571 0.763959 0.082857 0.063452
0 0.043929 0.686548 0.080714 0.071066
0 0.855714 0.549492 0.024286 0.048223
0 0.817857 0.071066 0.011429 0.017766
0 0.827143 0.069162 0.011429 0.013959
0 0.851071 0.097081 0.012143 0.016497
0 0.994643 0.387056 0.010714 0.027919
0 0.983571 0.323604 0.032857 0.038071
0 0.798929 0.039340 0.012143 0.010152
0 0.775000 0.024112 0.008571 0.012690
0 0.740357 0.005711 0.006429 0.008883
0 0.741786 0.003173 0.006429 0.006345
0 0.635357 0.178299 0.010714 0.031726
0 0.636429 0.250635 0.030000 0.021574
0 0.636429 0.234772 0.031429 0.012690
0 0.687500 0.243020 0.013571 0.026650
0 0.695714 0.228426 0.025714 0.017766
0 0.693571 0.218909 0.030000 0.019036
0 0.690714 0.208756 0.030000 0.016497
0 0.445714 0.327411 0.021429 0.040609
0 0.484286 0.331218 0.015714 0.035533
0 0.420714 0.417513 0.024286 0.048223
0 0.410714 0.378807 0.021429 0.041878
0 0.431071 0.392766 0.022143 0.044416
0 0.455000 0.387056 0.020000 0.038071
0 0.475714 0.394036 0.021429 0.044416
0 0.499643 0.397843 0.022143 0.044416
0 0.348929 0.365482 0.022143 0.045685
0 0.336786 0.398477 0.026429 0.053299
0 0.342143 0.329315 0.027143 0.031726
