0 0.171429 0.909048 0.100000 0.180000
0 0.067500 0.820000 0.110714 0.215238
0 0.631429 0.674762 0.091429 0.132381
0 0.624643 0.560952 0.127857 0.089524
0 0.589286 0.299524 0.084286 0.052381
0 0.490357 0.190476 0.057857 0.043810
0 0.464286 0.030000 0.018571 0.031429
0 0.468214 0.010952 0.017857 0.021905
0 0.369643 0.028095 0.020714 0.039048
0 0.331071 0.043333 0.026429 0.037143
0 0.355357 0.073333 0.023571 0.047619
0 0.440357 0.087619 0.023571 0.036190
0 0.443214 0.149048 0.023571 0.031429
0 0.354286 0.263810 0.060000 0.055238
0 0.268214 0.413810 0.053571 0.105714
