0 0.235500 0.056667 0.039000 0.037333
0 0.256500 0.301333 0.039000 0.049333
0 0.298750 0.250000 0.048500 0.046667
0 0.343500 0.213000 0.045000 0.055333
0 0.430250 0.046333 0.034500 0.030000
0 0.505750 0.071000 0.027500 0.034000
0 0.490750 0.214000 0.050500 0.049333
0 0.551000 0.172333 0.038000 0.055333
0 0.579000 0.191667 0.043000 0.047333
0 0.962000 0.465667 0.066000 0.068667
0 0.695000 0.349333 0.047000 0.058667
0 0.653750 0.359667 0.051500 0.038000
0 0.475250 0.443000 0.035500 0.080667
0 0.404750 0.476000 0.033500 0.065333
0 0.326500 0.508000 0.056000 0.050667
0 0.470500 0.581333 0.058000 0.048000
0 0.421250 0.519000 0.036500 0.075333
0 0.062250 0.530333 0.051500 0.044667
0 0.131750 0.580000 0.056500 0.046667
0 0.194000 0.566000 0.049000 0.066667
0 0.129000 0.644333 0.064000 0.058000
0 0.206750 0.630667 0.060500 0.054667
0 0.266000 0.599667 0.050000 0.066000
0 0.238500 0.675000 0.065000 0.054000
0 0.084500 0.743000 0.056000 0.039333
0 0.025750 0.787000 0.051500 0.079333
0 0.068750 0.790000 0.064500 0.057333
0 0.055250 0.837667 0.079500 0.068667
0 0.118000 0.839667 0.069000 0.063333
0 0.147250 0.919000 0.057500 0.076667
0 0.157000 0.963667 0.066000 0.072667
0 0.264000 0.919333 0.041000 0.098667
0 0.217750 0.863000 0.058500 0.091333
0 0.197250 0.797333 0.066500 0.077333
0 0.284750 0.735333 0.066500 0.045333
0 0.308500 0.688000 0.064000 0.038667
0 0.351000 0.864667 0.033000 0.098667
0 0.447750 0.833333 0.065500 0.065333
0 0.411500 0.743667 0.062000 0.055333
0 0.401750 0.686333 0.061500 0.050000
0 0.433500 0.655667 0.059000 0.048667
0 0.464750 0.630000 0.057500 0.049333
0 0.481500 0.727000 0.064000 0.054000
0 0.504500 0.781667 0.065000 0.062000
0 0.557500 0.760333 0.067000 0.058000
0 0.576500 0.724000 0.071000 0.065333
0 0.642750 0.726667 0.067500 0.061333
0 0.583750 0.827667 0.063500 0.051333
0 0.576250 0.914667 0.069500 0.085333
0 0.664250 0.879333 0.068500 0.070667
0 0.770500 0.924000 0.070000 0.054667
0 0.839000 0.974000 0.075000 0.052000
0 0.811250 0.819333 0.069500 0.064000
0 0.885500 0.859333 0.063000 0.052000
0 0.963250 0.903333 0.073500 0.064000
