0 0.760500 0.954000 0.148000 0.092000
0 0.671000 0.817333 0.080000 0.205333
0 0.556750 0.723000 0.133500 0.170000
0 0.447500 0.597000 0.120000 0.138000
0 0.262000 0.411000 0.105000 0.099333
0 0.214750 0.309333 0.085500 0.049333
0 0.152750 0.256000 0.088500 0.056000
0 0.161750 0.233000 0.084500 0.050000
0 0.085250 0.201333 0.056500 0.064000
0 0.099000 0.158333 0.074000 0.048667
0 0.081750 0.145333 0.059500 0.036000
0 0.051000 0.140667 0.066000 0.036000
0 0.088750 0.114667 0.035500 0.032000
0 0.020250 0.121000 0.040500 0.032667
0 0.018500 0.082000 0.034000 0.033333
0 0.051500 0.075333 0.032000 0.033333
0 0.016500 0.046000 0.033000 0.024000
0 0.058250 0.051667 0.032500 0.036667
0 0.049000 0.024333 0.031000 0.024667
0 0.040750 0.008333 0.037500 0.016667
0 0.664500 0.413333 0.088000 0.088000
0 0.584250 0.366667 0.046500 0.078667
0 0.541750 0.345667 0.049500 0.062000
0 0.442750 0.271333 0.056500 0.053333
0 0.412750 0.235667 0.062500 0.067333
0 0.342750 0.190667 0.049500 0.061333
0 0.195750 0.086333 0.039500 0.034000
0 0.154500 0.050667 0.031000 0.033333
0 0.135750 0.057000 0.032500 0.036667
0 0.126000 0.042000 0.037000 0.026667
0 0.106500 0.029667 0.034000 0.035333
