0 0.288571 0.886667 0.081429 0.060952
0 0.451786 0.766190 0.070714 0.080952
0 0.038571 0.696667 0.055714 0.111429
0 0.082857 0.701429 0.052857 0.111429
0 0.133214 0.599524 0.086429 0.071429
0 0.151071 0.644286 0.077857 0.065714
0 0.092500 0.540000 0.113571 0.072381
0 0.723929 0.548571 0.065000 0.038095
0 0.841429 0.547143 0.070000 0.040952
0 0.918571 0.547619 0.074286 0.047619
0 0.978214 0.540476 0.043571 0.042857
0 0.678571 0.828571 0.082857 0.055238
0 0.808214 0.814762 0.076429 0.052381
