0 0.427500 0.232857 0.012143 0.037143
0 0.436429 0.626190 0.014286 0.035238
0 0.125714 0.441429 0.028571 0.020000
0 0.247143 0.453333 0.031429 0.022857
0 0.369643 0.538095 0.029286 0.020952
0 0.474643 0.567143 0.015000 0.035238
0 0.445000 0.698095 0.014286 0.034286
0 0.479286 0.714286 0.014286 0.038095
0 0.448929 0.750476 0.013571 0.038095
0 0.183571 0.981429 0.031429 0.025714
0 0.163214 0.936190 0.022143 0.045714
0 0.953571 0.984286 0.031429 0.029524
0 0.897857 0.792857 0.025714 0.040952
