0 0.034643 0.204286 0.035000 0.039048
0 0.080714 0.229048 0.062857 0.037143
0 0.077857 0.246667 0.060000 0.045714
0 0.024286 0.237619 0.047143 0.042857
0 0.970357 0.100000 0.030714 0.022857
0 0.858929 0.142381 0.053571 0.039048
0 0.892143 0.131429 0.051429 0.032381
0 0.785000 0.132381 0.037143 0.032381
0 0.539286 0.167619 0.048571 0.028571
0 0.574643 0.170000 0.046429 0.031429
0 0.611786 0.163810 0.043571 0.045714
0 0.590000 0.153810 0.037143 0.027619
0 0.656071 0.155714 0.042143 0.033333
0 0.692857 0.142381 0.035714 0.027619
0 0.690714 0.135714 0.032857 0.029524
0 0.723571 0.133333 0.034286 0.024762
0 0.708929 0.125714 0.030714 0.026667
0 0.621071 0.141905 0.040714 0.040000
0 0.666071 0.128571 0.030714 0.028571
0 0.733571 0.118571 0.032857 0.027619
0 0.776429 0.110476 0.020000 0.020952
0 0.796429 0.110000 0.027143 0.021905
0 0.811071 0.100952 0.017857 0.017143
0 0.789643 0.099524 0.023571 0.016190
0 0.769286 0.102857 0.027143 0.019048
0 0.827857 0.099048 0.022857 0.020952
0 0.820000 0.088095 0.014286 0.014286
0 0.833929 0.086190 0.013571 0.012381
0 0.844286 0.092857 0.020000 0.018095
0 0.978214 0.055714 0.012143 0.014286
