0 0.140357 0.111041 0.016429 0.016497
0 0.139286 0.123096 0.018571 0.020305
0 0.171786 0.079949 0.022143 0.020305
0 0.169286 0.104061 0.021429 0.020305
0 0.224643 0.085025 0.016429 0.017766
0 0.223214 0.071701 0.016429 0.013959
0 0.224286 0.061548 0.014286 0.016497
0 0.219286 0.125000 0.021429 0.019036
0 0.238214 0.239213 0.019286 0.016497
0 0.176071 0.305838 0.019286 0.027919
0 0.185000 0.853426 0.027143 0.026650
0 0.255357 0.828680 0.029286 0.035533
0 0.341071 0.768401 0.027857 0.036802
0 0.393571 0.780457 0.027143 0.032995
0 0.436429 0.690355 0.022857 0.032995
0 0.350357 0.053934 0.009286 0.019036
0 0.355000 0.031726 0.008571 0.020305
0 0.357143 0.011421 0.007143 0.017766
0 0.373929 0.019036 0.005000 0.015228
0 0.383214 0.034898 0.006429 0.019036
0 0.398214 0.007614 0.006429 0.015228
0 0.397500 0.038706 0.006429 0.021574
0 0.383571 0.091371 0.007143 0.020305
0 0.372143 0.082487 0.005714 0.015228
0 0.371071 0.104061 0.007857 0.020305
0 0.375357 0.196701 0.009286 0.025381
0 0.392500 0.215102 0.009286 0.026650
0 0.380000 0.237310 0.010000 0.025381
0 0.385357 0.288706 0.010714 0.026650
0 0.388929 0.321066 0.009286 0.027919
0 0.395357 0.356599 0.010714 0.027919
0 0.413214 0.371827 0.012143 0.027919
0 0.407143 0.413071 0.011429 0.031726
0 0.414643 0.460025 0.013571 0.031726
0 0.426071 0.510787 0.013571 0.036802
0 0.441429 0.576142 0.014286 0.035533
0 0.462500 0.670051 0.016429 0.043147
0 0.476786 0.738579 0.017857 0.045685
0 0.497857 0.831218 0.020000 0.050761
0 0.610000 0.660533 0.025714 0.021574
0 0.524643 0.503807 0.009286 0.040609
0 0.470714 0.238579 0.011429 0.027919
0 0.503214 0.327411 0.013571 0.032995
0 0.512857 0.399112 0.014286 0.039340
0 0.986071 0.640863 0.027857 0.025381
0 0.848929 0.665609 0.027857 0.026650
0 0.977500 0.904188 0.032143 0.026650
