0 0.479000 0.465333 0.064000 0.133333
0 0.343750 0.310333 0.053500 0.084667
0 0.453750 0.314000 0.046500 0.094667
0 0.422250 0.275000 0.065500 0.046000
0 0.416000 0.217667 0.025000 0.054000
0 0.775250 0.287667 0.079500 0.076667
0 0.918750 0.261667 0.087500 0.067333
0 0.939750 0.249667 0.078500 0.068667
0 0.895750 0.226000 0.065500 0.049333
0 0.203000 0.155667 0.029000 0.024667
0 0.217250 0.141333 0.027500 0.028000
0 0.235500 0.128667 0.024000 0.021333
0 0.249000 0.113000 0.022000 0.024667
0 0.258000 0.103333 0.017000 0.022667
0 0.165000 0.137667 0.024000 0.030000
0 0.164500 0.167000 0.045000 0.028667
0 0.155250 0.151333 0.028500 0.024000
0 0.267000 0.098667 0.018000 0.017333
0 0.232250 0.172333 0.023500 0.036667
0 0.274750 0.090333 0.016500 0.019333
0 0.282000 0.084333 0.015000 0.015333
0 0.296500 0.123333 0.021000 0.024000
0 0.273750 0.144333 0.023500 0.026000
0 0.250000 0.194333 0.044000 0.036667
0 0.258000 0.219000 0.046000 0.044667
0 0.649000 0.291000 0.087000 0.054000
0 0.900500 0.181000 0.060000 0.043333
0 0.533000 0.210667 0.036000 0.046667
0 0.520750 0.186333 0.029500 0.044667
0 0.520250 0.185667 0.029500 0.044667
0 0.556500 0.041667 0.018000 0.010000
0 0.548500 0.037667 0.018000 0.010000
0 0.480750 0.049667 0.017500 0.010000
0 0.508250 0.049333 0.021500 0.009333
0 0.543000 0.034667 0.016000 0.010667
0 0.536000 0.031667 0.016000 0.010000
0 0.539500 0.033333 0.016000 0.010667
0 0.507250 0.027667 0.007500 0.007333
0 0.478000 0.047000 0.018000 0.011333
0 0.471000 0.044000 0.015000 0.009333
0 0.468000 0.040667 0.015000 0.009333
0 0.465000 0.035000 0.016000 0.010000
0 0.461750 0.033000 0.016500 0.010000
0 0.460000 0.029667 0.016000 0.010000
0 0.419250 0.057000 0.019500 0.011333
0 0.487750 0.033333 0.019500 0.010667
0 0.478750 0.027333 0.019500 0.010667
