0 0.500522 0.936920 0.058455 0.092764
0 0.490605 0.876623 0.060543 0.070501
0 0.307150 0.677180 0.051670 0.038961
0 0.342119 0.466141 0.026618 0.026902
0 0.349426 0.439239 0.031837 0.021336
0 0.452244 0.455473 0.027662 0.027829
0 0.452505 0.418831 0.020877 0.028757
0 0.367693 0.380334 0.023486 0.020408
0 0.363779 0.371521 0.022965 0.017625
0 0.361691 0.364100 0.021921 0.023191
0 0.362213 0.330705 0.020877 0.015770
0 0.367432 0.305195 0.019833 0.016698
0 0.368998 0.301484 0.020877 0.016698
0 0.440762 0.354824 0.020355 0.025046
0 0.442589 0.345547 0.017745 0.023191
0 0.441023 0.335807 0.018789 0.020408
0 0.439457 0.329777 0.019833 0.017625
0 0.434499 0.321892 0.017223 0.016698
0 0.436065 0.314935 0.016180 0.015770
0 0.438674 0.308442 0.015136 0.017625
0 0.433977 0.261596 0.014092 0.012987
0 0.432150 0.251391 0.013570 0.011132
0 0.376566 0.226809 0.012004 0.012059
0 0.383090 0.203154 0.012526 0.009276
0 0.431628 0.225881 0.010438 0.010204
0 0.429019 0.223098 0.010438 0.008349
0 0.422234 0.145640 0.006263 0.005566
0 0.408142 0.157236 0.004175 0.008349
0 0.395094 0.165121 0.007307 0.007421
0 0.394050 0.171150 0.007307 0.006494
0 0.391441 0.148887 0.007307 0.006494
0 0.393528 0.145640 0.006263 0.007421
0 0.638831 0.619666 0.025052 0.061224
0 0.573330 0.383117 0.013048 0.022263
0 0.688413 0.408627 0.016701 0.028757
