0 0.062857 0.290476 0.048571 0.083810
0 0.154286 0.258095 0.038571 0.087619
0 0.235714 0.466190 0.071429 0.061905
0 0.485714 0.216190 0.034286 0.064762
0 0.544286 0.225714 0.038571 0.059048
0 0.462857 0.385714 0.054286 0.076190
0 0.401429 0.464286 0.068571 0.052381
0 0.098929 0.688095 0.089286 0.069524
0 0.975000 0.424286 0.050000 0.048571
0 0.989643 0.255714 0.020714 0.037143
0 0.983571 0.130476 0.032857 0.083810
0 0.943571 0.277143 0.070000 0.059048
0 0.761429 0.195714 0.057143 0.054286
0 0.897857 0.164286 0.042857 0.065714
0 0.873571 0.177619 0.041429 0.067619
0 0.862143 0.310000 0.060000 0.046667
