0 0.140357 0.088832 0.017857 0.025381
0 0.146071 0.092005 0.020714 0.021574
0 0.149643 0.100254 0.020714 0.020305
0 0.151786 0.111675 0.015000 0.017766
0 0.171071 0.106599 0.017857 0.020305
0 0.173214 0.102157 0.015000 0.021574
0 0.165000 0.124365 0.010000 0.020305
0 0.167857 0.159264 0.011429 0.021574
0 0.204286 0.448604 0.034286 0.039340
0 0.326786 0.055838 0.019286 0.017766
0 0.365714 0.102157 0.012857 0.026650
0 0.376071 0.122462 0.010714 0.029188
0 0.382500 0.151015 0.010714 0.027919
0 0.351071 0.088832 0.010714 0.020305
0 0.370357 0.170051 0.012143 0.022843
0 0.359286 0.204315 0.014286 0.027919
0 0.387500 0.174492 0.012143 0.024112
0 0.683214 0.119924 0.016429 0.019036
0 0.402857 0.765228 0.020000 0.060914
0 0.445000 0.475254 0.018571 0.041878
0 0.470000 0.477157 0.018571 0.043147
0 0.450000 0.408629 0.015714 0.035533
