0 0.611429 0.725888 0.047143 0.121827
0 0.159643 0.778553 0.027857 0.095178
0 0.561786 0.909898 0.042143 0.096447
0 0.633571 0.946066 0.044286 0.105330
0 0.706071 0.973350 0.032143 0.050761
0 0.935357 0.947335 0.040714 0.102792
0 0.540714 0.973985 0.041429 0.049492
0 0.391071 0.962563 0.065000 0.072335
0 0.227143 0.940355 0.058571 0.116751
0 0.315000 0.957487 0.070000 0.082487
0 0.383214 0.831218 0.063571 0.081218
0 0.410000 0.922589 0.065714 0.083756
0 0.322857 0.888325 0.071429 0.078680
0 0.139643 0.053299 0.036429 0.040609
0 0.198929 0.281091 0.046429 0.039340
0 0.023214 0.427030 0.037857 0.057107
0 0.195000 0.924492 0.044286 0.118020
0 0.165714 0.906726 0.052857 0.115482
0 0.139286 0.881345 0.052857 0.110406
0 0.108929 0.862310 0.053571 0.110406
0 0.082143 0.832487 0.055714 0.114213
0 0.053571 0.808376 0.054286 0.109137
0 0.025000 0.798223 0.050000 0.106599
0 0.057857 0.706218 0.032857 0.095178
0 0.099643 0.729695 0.032143 0.093909
0 0.129643 0.751269 0.029286 0.088832
0 0.196071 0.803299 0.025000 0.088832
