0 0.051786 0.293147 0.047857 0.058376
0 0.061786 0.310914 0.049286 0.055838
0 0.066071 0.335660 0.043571 0.049492
0 0.063571 0.388325 0.027143 0.053299
0 0.114286 0.352157 0.041429 0.039340
0 0.108571 0.378807 0.047143 0.046954
0 0.081429 0.439721 0.024286 0.057107
0 0.068571 0.585660 0.032857 0.079949
0 0.566071 0.737310 0.036429 0.088832
0 0.540714 0.567259 0.025714 0.068528
0 0.529643 0.484137 0.020714 0.064721
0 0.516071 0.385787 0.022143 0.071066
0 0.496429 0.310914 0.024286 0.060914
0 0.423571 0.155457 0.035714 0.036802
0 0.466786 0.258883 0.022143 0.050761
