0 0.399286 0.379524 0.005714 0.010476
0 0.396429 0.401429 0.005714 0.010476
0 0.363929 0.400476 0.006429 0.008571
0 0.357143 0.397143 0.005714 0.011429
0 0.353929 0.420952 0.007857 0.013333
0 0.385000 0.540952 0.010000 0.020952
0 0.380357 0.512857 0.009286 0.020000
0 0.390714 0.483810 0.008571 0.017143
0 0.393571 0.445714 0.007143 0.015238
0 0.357143 0.432381 0.005714 0.013333
0 0.340000 0.478571 0.007143 0.018095
0 0.879286 0.872381 0.044286 0.045714
0 0.869643 0.914762 0.046429 0.029524
0 0.847857 0.838571 0.041429 0.027619
0 0.792143 0.734286 0.032857 0.020952
0 0.723571 0.610476 0.015714 0.019048
