0 0.629000 0.168667 0.043000 0.062667
0 0.526000 0.219000 0.089000 0.042000
0 0.528000 0.194667 0.072000 0.050667
0 0.551500 0.174667 0.066000 0.057333
0 0.560750 0.139000 0.070500 0.058000
0 0.579250 0.034667 0.060500 0.038667
0 0.421500 0.134667 0.067000 0.053333
0 0.424000 0.116333 0.066000 0.054000
0 0.449250 0.057000 0.039500 0.046000
0 0.502750 0.029000 0.034500 0.038000
0 0.528250 0.013000 0.029500 0.026000
0 0.398250 0.017667 0.063500 0.034000
0 0.427250 0.010000 0.041500 0.020000
0 0.354500 0.217000 0.083000 0.066000
0 0.346250 0.053667 0.057500 0.042000
0 0.375250 0.104667 0.051500 0.045333
0 0.308000 0.145333 0.043000 0.048000
0 0.256250 0.284333 0.108500 0.064667
0 0.023000 0.255000 0.046000 0.068667
0 0.040000 0.317667 0.080000 0.088667
0 0.066500 0.461667 0.133000 0.120667
0 0.292750 0.599333 0.161500 0.141333
0 0.259000 0.511000 0.039000 0.054000
