0 0.238214 0.371827 0.016429 0.020305
0 0.193571 0.421320 0.017143 0.020305
0 0.214643 0.399746 0.015000 0.017766
0 0.261429 0.347081 0.017143 0.021574
0 0.280000 0.324873 0.012857 0.017766
0 0.296429 0.300761 0.012857 0.020305
0 0.311071 0.314721 0.015000 0.017766
0 0.123214 0.660533 0.023571 0.029188
0 0.011786 0.902919 0.013571 0.041878
0 0.025714 0.887690 0.011429 0.031726
0 0.054643 0.871193 0.013571 0.039340
0 0.068929 0.862310 0.013571 0.036802
0 0.082857 0.853426 0.012857 0.036802
0 0.151071 0.823604 0.023571 0.040609
0 0.188929 0.803299 0.020714 0.032995
0 0.206429 0.790609 0.022857 0.040609
0 0.226786 0.778553 0.020714 0.036802
0 0.243929 0.769670 0.019286 0.036802
0 0.171429 0.812183 0.021429 0.035533
0 0.136786 0.753807 0.025000 0.027919
0 0.195357 0.730330 0.020714 0.026650
0 0.315000 0.785533 0.024286 0.025381
0 0.350000 0.798223 0.022857 0.022843
0 0.313929 0.741751 0.023571 0.024112
0 0.315000 0.760787 0.022857 0.024112
0 0.252857 0.656091 0.022857 0.027919
0 0.262857 0.678934 0.020000 0.025381
0 0.326071 0.647843 0.022143 0.024112
0 0.289286 0.611041 0.021429 0.026650
0 0.427143 0.675127 0.020000 0.020305
0 0.357143 0.491751 0.018571 0.021574
0 0.377500 0.527284 0.019286 0.024112
0 0.393214 0.669416 0.015000 0.031726
0 0.464286 0.456853 0.018571 0.022843
0 0.525000 0.413071 0.018571 0.016497
0 0.483571 0.393401 0.018571 0.020305
0 0.550357 0.342005 0.017857 0.016497
0 0.494643 0.913071 0.023571 0.026650
0 0.525714 0.893401 0.024286 0.027919
0 0.554286 0.879442 0.024286 0.027919
0 0.920000 0.963198 0.028571 0.048223
0 0.974286 0.709391 0.027143 0.045685
0 0.986429 0.701142 0.025714 0.044416
0 0.993929 0.696066 0.012143 0.041878
0 0.715000 0.621827 0.020000 0.030457
0 0.713929 0.585660 0.019286 0.031726
0 0.671786 0.460025 0.016429 0.029188
0 0.713571 0.435279 0.018571 0.017766
0 0.987143 0.279822 0.017143 0.016497
0 0.905357 0.243020 0.017857 0.016497
0 0.902143 0.260787 0.018571 0.013959
0 0.734286 0.298858 0.017143 0.013959
0 0.681429 0.281091 0.015714 0.013959
0 0.641786 0.356599 0.019286 0.015228
0 0.603929 0.312817 0.012143 0.024112
0 0.591071 0.257614 0.016429 0.015228
0 0.937143 0.182741 0.015714 0.020305
0 0.991786 0.188452 0.016429 0.019036
0 0.965357 0.189086 0.016429 0.012690
0 0.827143 0.164975 0.014286 0.012690
0 0.767857 0.156726 0.014286 0.011421
0 0.719286 0.163706 0.010000 0.012690
0 0.684643 0.147843 0.012143 0.008883
0 0.616429 0.162437 0.011429 0.010152
0 0.556071 0.212563 0.012143 0.024112
0 0.523214 0.197335 0.010714 0.019036
0 0.541429 0.213832 0.010000 0.019036
0 0.439643 0.005711 0.006429 0.011421
0 0.449643 0.008249 0.005000 0.011421
0 0.463214 0.021574 0.006429 0.012690
0 0.444643 0.019036 0.005000 0.010152
0 0.449286 0.033629 0.007143 0.011421
0 0.454286 0.049492 0.007143 0.015228
0 0.460714 0.065355 0.008571 0.011421
0 0.471786 0.086929 0.007857 0.011421
0 0.486071 0.075508 0.007857 0.013959
0 0.480000 0.108503 0.010000 0.013959
