0 0.036071 0.035238 0.023571 0.030476
0 0.060000 0.042857 0.015714 0.013333
0 0.054286 0.006667 0.012857 0.011429
0 0.125000 0.106190 0.020000 0.023810
0 0.236429 0.262857 0.041429 0.041905
0 0.219286 0.240000 0.041429 0.036190
0 0.292500 0.333810 0.045000 0.042857
0 0.135000 0.322857 0.035714 0.051429
0 0.223214 0.397619 0.042143 0.065714
0 0.483571 0.481429 0.061429 0.094286
0 0.425714 0.565238 0.097143 0.069524
0 0.825000 0.345714 0.047143 0.036190
0 0.634286 0.441905 0.060000 0.051429
0 0.706786 0.565238 0.080714 0.092381
0 0.815714 0.494762 0.058571 0.054286
0 0.963571 0.460476 0.061429 0.063810
