0 0.842000 0.557333 0.031000 0.032000
0 0.907250 0.578333 0.033500 0.040667
0 0.135000 0.476667 0.025000 0.025333
0 0.157500 0.486000 0.026000 0.029333
0 0.147000 0.522000 0.027000 0.030667
0 0.211000 0.523000 0.043000 0.024667
0 0.145500 0.234667 0.021000 0.012000
0 0.153750 0.230000 0.019500 0.012000
0 0.533250 0.335667 0.012500 0.019333
0 0.526000 0.320000 0.011000 0.018667
0 0.531500 0.302000 0.013000 0.021333
0 0.508250 0.244000 0.019500 0.010667
0 0.548000 0.281333 0.020000 0.016000
0 0.563750 0.307000 0.020500 0.011333
0 0.558750 0.320333 0.009500 0.018000
0 0.591000 0.271000 0.024000 0.015333
0 0.643750 0.272333 0.019500 0.012667
0 0.827500 0.239000 0.020000 0.012667
0 0.737500 0.273667 0.023000 0.011333
0 0.744000 0.258333 0.022000 0.010000
0 0.745500 0.264000 0.018000 0.009333
0 0.720250 0.269333 0.020500 0.010667
0 0.703000 0.257667 0.019000 0.012667
0 0.711000 0.263000 0.020000 0.012667
0 0.697000 0.275333 0.022000 0.013333
0 0.690000 0.268333 0.022000 0.012667
0 0.682000 0.263000 0.023000 0.011333
0 0.675750 0.257333 0.020500 0.012000
0 0.660500 0.267000 0.020000 0.012667
0 0.645500 0.260667 0.022000 0.013333
0 0.620000 0.260667 0.022000 0.013333
