0 0.965750 0.826667 0.068500 0.109333
0 0.416750 0.909333 0.107500 0.164000
0 0.630250 0.443333 0.045500 0.052000
0 0.490750 0.373333 0.044500 0.054667
0 0.153250 0.917000 0.146500 0.166000
0 0.047750 0.666667 0.095500 0.077333
0 0.415500 0.475667 0.061000 0.080667
0 0.755250 0.167000 0.022500 0.024667
0 0.736750 0.159000 0.019500 0.022000
0 0.706750 0.156667 0.020500 0.021333
0 0.726500 0.130667 0.019000 0.018667
0 0.854500 0.104333 0.026000 0.015333
0 0.822500 0.100000 0.029000 0.014667
0 0.802250 0.069333 0.010500 0.010667
0 0.767500 0.075000 0.011000 0.012667
0 0.781000 0.056667 0.010000 0.010667
0 0.755000 0.068333 0.010000 0.011333
0 0.756000 0.063000 0.010000 0.008667
0 0.761500 0.063000 0.010000 0.011333
0 0.774000 0.051000 0.010000 0.011333
0 0.874750 0.042333 0.018500 0.011333
0 0.786000 0.033333 0.007000 0.008000
0 0.798750 0.031000 0.009500 0.010000
0 0.788000 0.027333 0.008000 0.010667
