0 0.578000 0.025333 0.011000 0.013333
0 0.609250 0.043333 0.019500 0.017333
0 0.633750 0.087667 0.028500 0.026000
0 0.637750 0.108333 0.035500 0.022000
0 0.609250 0.121000 0.043500 0.024667
0 0.560750 0.114000 0.024500 0.020000
0 0.518250 0.079333 0.013500 0.022667
0 0.493750 0.079333 0.014500 0.020000
0 0.492750 0.096667 0.015500 0.020000
0 0.493250 0.112333 0.014500 0.020667
0 0.488750 0.128000 0.017500 0.025333
0 0.520250 0.127667 0.016500 0.022000
0 0.477250 0.224667 0.023500 0.045333
0 0.456000 0.363333 0.029000 0.056000
0 0.670500 0.575667 0.126000 0.072667
0 0.615250 0.773667 0.071500 0.184667
0 0.596500 0.156333 0.018000 0.038000
