0 0.018214 0.293333 0.036429 0.020952
0 0.062857 0.287143 0.037143 0.016190
0 0.087143 0.268571 0.037143 0.019048
0 0.106429 0.282381 0.037143 0.020000
0 0.127143 0.253810 0.027143 0.018095
0 0.123214 0.210000 0.023571 0.016190
0 0.405357 0.068095 0.007857 0.016190
0 0.413214 0.090000 0.009286 0.014286
0 0.413929 0.187143 0.010714 0.018095
0 0.427143 0.217619 0.012857 0.020000
0 0.426071 0.275714 0.013571 0.021905
0 0.388571 0.334286 0.017143 0.028571
0 0.427857 0.323333 0.015714 0.027619
0 0.443571 0.408095 0.015714 0.031429
0 0.441786 0.478571 0.017857 0.037143
0 0.441429 0.733810 0.030000 0.065714
0 0.462500 0.861905 0.026429 0.076190
0 0.469643 0.980476 0.045000 0.039048
0 0.756786 0.776190 0.056429 0.041905
0 0.739643 0.734286 0.052143 0.043810
0 0.743929 0.603333 0.037857 0.056190
0 0.768214 0.589048 0.039286 0.052381
0 0.729286 0.495714 0.040000 0.029524
0 0.653571 0.483333 0.042857 0.027619
0 0.629286 0.364762 0.031429 0.024762
0 0.625714 0.350000 0.034286 0.020000
0 0.622143 0.338095 0.034286 0.019048
0 0.526071 0.356190 0.032143 0.017143
0 0.524643 0.342857 0.032143 0.019048
0 0.510357 0.296667 0.025000 0.021905
