0 0.112857 0.642132 0.012857 0.035533
0 0.105357 0.695431 0.013571 0.040609
0 0.097500 0.741117 0.015000 0.038071
0 0.327143 0.716371 0.012857 0.039340
0 0.354286 0.668782 0.022857 0.020305
0 0.294286 0.529188 0.011429 0.038071
0 0.318929 0.484772 0.012143 0.040609
0 0.345714 0.505076 0.014286 0.040609
0 0.333571 0.497462 0.014286 0.040609
0 0.366429 0.390863 0.017143 0.038071
0 0.370714 0.364213 0.017143 0.040609
0 0.372500 0.330584 0.017857 0.044416
0 0.376429 0.301396 0.014286 0.036802
0 0.381071 0.276015 0.016429 0.039340
0 0.383571 0.242386 0.018571 0.040609
0 0.402143 0.143401 0.020000 0.017766
0 0.402857 0.122462 0.020000 0.016497
0 0.403929 0.101523 0.022143 0.017766
0 0.409286 0.063452 0.015714 0.017766
0 0.407143 0.041878 0.021429 0.017766
0 0.406786 0.005076 0.020714 0.010152
0 0.455000 0.014594 0.008571 0.029188
0 0.440000 0.032995 0.008571 0.032995
0 0.520000 0.095812 0.008571 0.036802
0 0.455714 0.114848 0.008571 0.036802
0 0.437500 0.136421 0.009286 0.031726
0 0.458571 0.196701 0.008571 0.038071
0 0.616071 0.067259 0.010714 0.040609
0 0.643929 0.045685 0.010714 0.045685
0 0.661071 0.328046 0.012143 0.041878
0 0.433929 0.227157 0.010714 0.043147
0 0.541786 0.320431 0.012143 0.041878
0 0.431786 0.375635 0.009286 0.035533
0 0.461786 0.324873 0.009286 0.040609
0 0.466429 0.436548 0.010000 0.040609
0 0.433929 0.479695 0.010714 0.040609
0 0.455000 0.518401 0.008571 0.039340
0 0.470357 0.545685 0.009286 0.040609
0 0.586071 0.661802 0.012143 0.044416
0 0.520714 0.745558 0.010000 0.046954
0 0.474643 0.822335 0.010714 0.040609
0 0.472857 0.982234 0.011429 0.032995
0 0.520357 0.854061 0.009286 0.040609
0 0.459643 0.914340 0.009286 0.041878
0 0.437500 0.967005 0.012143 0.043147
0 0.837857 0.987944 0.014286 0.021574
0 0.813929 0.892132 0.020714 0.043147
0 0.787143 0.838198 0.017143 0.036802
0 0.728214 0.796954 0.013571 0.040609
0 0.751786 0.720178 0.016429 0.044416
0 0.736429 0.655457 0.015714 0.044416
0 0.723571 0.598985 0.015714 0.043147
