0 0.293214 0.884286 0.072143 0.187619
0 0.225000 0.670476 0.061429 0.135238
0 0.488214 0.601429 0.039286 0.100000
0 0.493571 0.477143 0.040000 0.095238
0 0.312857 0.392381 0.045714 0.095238
0 0.275714 0.383810 0.047143 0.091429
0 0.511071 0.290952 0.035000 0.065714
0 0.529286 0.197143 0.032857 0.062857
0 0.354643 0.212857 0.032143 0.061905
0 0.322143 0.196667 0.040000 0.071429
0 0.543929 0.095714 0.032143 0.056190
0 0.558214 0.043810 0.030714 0.053333
0 0.524286 0.041905 0.028571 0.043810
0 0.342500 0.140000 0.037857 0.060952
0 0.646786 0.870000 0.055000 0.160952
