0 0.105750 0.380000 0.047500 0.060000
0 0.050000 0.438667 0.080000 0.065333
0 0.062750 0.517667 0.102500 0.064667
0 0.127750 0.460333 0.056500 0.066000
0 0.195250 0.484000 0.045500 0.082667
0 0.054500 0.583667 0.108000 0.063333
0 0.040750 0.669667 0.079500 0.070000
0 0.017750 0.758667 0.035500 0.080000
0 0.156500 0.560667 0.062000 0.094667
0 0.223500 0.606333 0.106000 0.075333
0 0.155250 0.679667 0.111500 0.083333
0 0.135000 0.774333 0.125000 0.114000
0 0.390500 0.507667 0.069000 0.086000
0 0.345750 0.603667 0.100500 0.062000
0 0.272500 0.738000 0.100000 0.142667
0 0.390500 0.714667 0.124000 0.144000
0 0.316250 0.939333 0.105500 0.121333
0 0.392250 0.886000 0.121500 0.164000
0 0.519250 0.821000 0.108500 0.159333
0 0.565750 0.740333 0.109500 0.136667
0 0.515000 0.522667 0.077000 0.096000
0 0.427000 0.292333 0.031000 0.054000
0 0.496750 0.271667 0.052500 0.046000
0 0.557000 0.261000 0.050000 0.031333
0 0.985250 0.566667 0.029500 0.057333
0 0.854000 0.318000 0.066000 0.053333
0 0.788500 0.354667 0.081000 0.054667
0 0.753000 0.324667 0.079000 0.045333
0 0.638250 0.143333 0.043500 0.029333
0 0.654250 0.129000 0.038500 0.024667
0 0.695250 0.138000 0.041500 0.026667
0 0.728000 0.150667 0.045000 0.032000
0 0.767750 0.137667 0.041500 0.032667
0 0.781250 0.155667 0.043500 0.030000
0 0.784750 0.171333 0.043500 0.037333
0 0.801000 0.134333 0.031000 0.034000
0 0.622500 0.106000 0.021000 0.030667
0 0.604000 0.105000 0.017000 0.030000
0 0.534500 0.110333 0.047000 0.023333
0 0.597750 0.086333 0.029500 0.024667
0 0.598000 0.070000 0.028000 0.030667
0 0.594750 0.053333 0.017500 0.024000
0 0.543250 0.055667 0.015500 0.023333
0 0.667500 0.024333 0.032000 0.019333
0 0.666250 0.015000 0.024500 0.015333
0 0.617750 0.024667 0.029500 0.018667
0 0.577750 0.037000 0.025500 0.024667
0 0.516500 0.080667 0.031000 0.020000
0 0.519000 0.066000 0.032000 0.022667
0 0.516250 0.045667 0.023500 0.016667
0 0.512500 0.046000 0.029000 0.020000
0 0.512250 0.033667 0.032500 0.019333
0 0.554000 0.025000 0.032000 0.023333
