0 0.321071 0.754762 0.053571 0.094286
0 0.376071 0.546190 0.032143 0.052381
0 0.432500 0.459524 0.020714 0.037143
0 0.201429 0.376667 0.032857 0.020000
0 0.313571 0.347143 0.037143 0.023810
0 0.217857 0.367143 0.030000 0.018095
0 0.321786 0.275714 0.025000 0.014286
0 0.051429 0.842857 0.071429 0.104762
0 0.508214 0.229524 0.010714 0.011429
0 0.513929 0.235238 0.007857 0.009524
0 0.736786 0.251429 0.015000 0.011429
0 0.769643 0.242857 0.013571 0.009524
0 0.760357 0.276190 0.013571 0.009524
0 0.360000 0.256667 0.017143 0.010476
0 0.385357 0.274762 0.020714 0.010476
0 0.392143 0.269524 0.015714 0.009524
0 0.398214 0.260952 0.020714 0.013333
0 0.393214 0.257143 0.017857 0.011429
0 0.407500 0.256190 0.016429 0.013333
0 0.416429 0.212857 0.012857 0.008571
0 0.443571 0.196190 0.010000 0.007619
0 0.463929 0.204762 0.012143 0.007619
0 0.465357 0.202381 0.012143 0.008571
