0 0.229000 0.147667 0.056000 0.080667
0 0.121750 0.705000 0.079500 0.202000
0 0.313250 0.109667 0.056500 0.068667
0 0.427250 0.352333 0.062500 0.100667
0 0.640000 0.012333 0.032000 0.024667
0 0.667250 0.006333 0.033500 0.012667
0 0.506500 0.210000 0.079000 0.084000
0 0.559500 0.266333 0.092000 0.059333
0 0.611250 0.134667 0.070500 0.064000
0 0.591250 0.337667 0.093500 0.090000
0 0.676500 0.083333 0.063000 0.054667
0 0.801000 0.565667 0.055000 0.070000
0 0.859750 0.943000 0.132500 0.114000
0 0.840250 0.621000 0.119500 0.098000
