0 0.368929 0.044416 0.006429 0.020305
0 0.381786 0.086929 0.005000 0.019036
0 0.369643 0.180203 0.006429 0.020305
0 0.368571 0.340102 0.007143 0.027919
0 0.485714 0.227157 0.007143 0.020305
0 0.476071 0.387690 0.007857 0.024112
0 0.480714 0.497462 0.007143 0.027919
0 0.498214 0.234772 0.006429 0.020305
0 0.516429 0.199873 0.005714 0.019036
0 0.528929 0.105964 0.005000 0.019036
0 0.419643 0.966371 0.010714 0.052030
0 0.407143 0.930838 0.008571 0.041878
0 0.429286 0.812817 0.005714 0.036802
0 0.450714 0.796954 0.007143 0.035533
0 0.459286 0.702411 0.007143 0.031726
0 0.446429 0.635152 0.008571 0.026650
0 0.465000 0.645305 0.010000 0.036802
0 0.437500 0.595812 0.007857 0.026650
0 0.471429 0.570431 0.010000 0.026650
0 0.550714 0.522208 0.010000 0.034264
