0 0.454500 0.775667 0.032000 0.062000
0 0.626250 0.533333 0.032500 0.021333
0 0.620250 0.516000 0.024500 0.018667
0 0.600250 0.543333 0.027500 0.017333
0 0.655750 0.522333 0.027500 0.014000
0 0.662000 0.542000 0.032000 0.012000
0 0.478000 0.635000 0.026000 0.040667
0 0.491000 0.549333 0.015000 0.021333
0 0.495500 0.537000 0.013000 0.018000
0 0.495250 0.522667 0.012500 0.016000
0 0.496750 0.509667 0.011500 0.016667
0 0.514250 0.506333 0.013500 0.016667
0 0.521750 0.535333 0.013500 0.016000
0 0.553750 0.537667 0.018500 0.015333
0 0.522250 0.447333 0.013500 0.008000
0 0.597000 0.483000 0.017000 0.015333
0 0.569000 0.468000 0.008000 0.010667
0 0.476000 0.449333 0.015000 0.008000
