0 0.253571 0.974619 0.034286 0.048223
0 0.522500 0.896574 0.030714 0.120558
0 0.381786 0.557741 0.026429 0.064721
0 0.175714 0.805203 0.038571 0.085025
0 0.144643 0.529188 0.035000 0.055838
0 0.300000 0.479695 0.025714 0.058376
0 0.292143 0.327411 0.055714 0.040609
0 0.748214 0.351523 0.055000 0.045685
0 0.856429 0.323604 0.057143 0.043147
0 0.863929 0.288706 0.050714 0.036802
0 0.496071 0.329949 0.052143 0.040609
0 0.332857 0.263325 0.050000 0.039340
0 0.984286 0.207487 0.028571 0.057107
0 0.080357 0.257614 0.050714 0.035533
0 0.501786 0.100254 0.016429 0.030457
0 0.536786 0.092005 0.016429 0.036802
0 0.429643 0.013325 0.020714 0.026650
0 0.503929 0.246827 0.017857 0.041878
0 0.676071 0.191624 0.015000 0.038071
