0 0.081071 0.338095 0.082143 0.049524
0 0.275357 0.329524 0.087857 0.049524
0 0.533929 0.262857 0.035000 0.085714
0 0.580714 0.306667 0.035714 0.102857
0 0.580714 0.206667 0.025714 0.068571
0 0.616786 0.201905 0.032143 0.078095
0 0.662857 0.249524 0.037143 0.083810
0 0.705000 0.244762 0.035714 0.078095
0 0.743929 0.241429 0.036429 0.080952
0 0.779643 0.234286 0.035000 0.076190
0 0.766071 0.152857 0.037857 0.077143
0 0.812143 0.733810 0.091429 0.050476
0 0.820357 0.618571 0.089286 0.058095
0 0.931071 0.604286 0.095000 0.060000
0 0.902857 0.307619 0.081429 0.074286
