0 0.144643 0.774746 0.020714 0.041878
0 0.155714 0.684645 0.018571 0.041878
0 0.160357 0.519036 0.015000 0.027919
0 0.137143 0.421320 0.018571 0.017766
0 0.155714 0.471447 0.014286 0.026650
0 0.041786 0.211929 0.015000 0.012690
0 0.068214 0.349619 0.010714 0.021574
0 0.061429 0.212563 0.014286 0.011421
0 0.078214 0.213198 0.015000 0.010152
0 0.105000 0.213832 0.015714 0.011421
0 0.123929 0.215102 0.016429 0.011421
0 0.124286 0.211929 0.017143 0.012690
0 0.148214 0.213832 0.017857 0.013959
0 0.171071 0.206218 0.017857 0.013959
0 0.168929 0.217005 0.017857 0.015228
0 0.184286 0.212563 0.015714 0.008883
0 0.192143 0.217005 0.017143 0.012690
0 0.236071 0.260787 0.007857 0.013959
0 0.250714 0.221447 0.018571 0.011421
0 0.259643 0.211929 0.017857 0.012690
0 0.272500 0.222081 0.017857 0.012690
0 0.296786 0.223985 0.017857 0.011421
0 0.344643 0.212563 0.013571 0.013959
0 0.399643 0.196701 0.012143 0.017766
0 0.386429 0.357868 0.011429 0.017766
0 0.362143 0.442259 0.010000 0.024112
0 0.358571 0.544416 0.012857 0.030457
0 0.412857 0.299492 0.010000 0.012690
0 0.432143 0.302030 0.008571 0.015228
0 0.448571 0.305203 0.010000 0.011421
0 0.432857 0.342640 0.011429 0.017766
0 0.438214 0.326142 0.010714 0.017766
0 0.462500 0.314721 0.009286 0.015228
0 0.449286 0.345178 0.011429 0.015228
0 0.465000 0.361041 0.010000 0.019036
0 0.491071 0.338198 0.009286 0.021574
0 0.482857 0.378173 0.010000 0.027919
0 0.504286 0.297589 0.008571 0.016497
0 0.513214 0.322970 0.009286 0.024112
0 0.538214 0.305838 0.009286 0.020305
0 0.556071 0.307741 0.007857 0.016497
0 0.574643 0.305203 0.007857 0.021574
0 0.591786 0.310279 0.007857 0.016497
0 0.849643 0.113579 0.013571 0.008883
0 0.741786 0.032360 0.003571 0.006345
0 0.730000 0.026650 0.002857 0.007614
0 0.736786 0.032360 0.003571 0.006345
0 0.747143 0.038071 0.004286 0.005076
0 0.722857 0.037437 0.005714 0.006345
0 0.728929 0.038071 0.003571 0.005076
0 0.716071 0.067259 0.005000 0.005076
0 0.706786 0.065990 0.005000 0.007614
0 0.715714 0.093909 0.004286 0.007614
0 0.696429 0.097081 0.005714 0.006345
0 0.697857 0.109772 0.005714 0.006345
0 0.694643 0.072335 0.003571 0.005076
0 0.686786 0.077411 0.005000 0.007614
0 0.691071 0.079949 0.005000 0.007614
0 0.702857 0.083122 0.005714 0.006345
0 0.674286 0.088198 0.004286 0.006345
0 0.730714 0.145305 0.005714 0.008883
0 0.784286 0.123096 0.005714 0.010152
0 0.787857 0.127538 0.005714 0.008883
0 0.790714 0.131980 0.005714 0.010152
0 0.792143 0.138325 0.007143 0.010152
0 0.808214 0.096447 0.007857 0.010152
0 0.811429 0.100254 0.007143 0.010152
0 0.828929 0.116117 0.015000 0.011421
0 0.830000 0.121193 0.014286 0.011421
0 0.836429 0.126269 0.017143 0.011421
0 0.841071 0.133883 0.016429 0.016497
0 0.844643 0.139594 0.013571 0.012690
0 0.848214 0.143401 0.015000 0.012690
0 0.852143 0.147843 0.015714 0.013959
0 0.813929 0.261421 0.015000 0.015228
0 0.622500 0.140228 0.006429 0.008883
0 0.657500 0.142766 0.005000 0.008883
0 0.608571 0.146574 0.007143 0.008883
0 0.635000 0.160533 0.007143 0.008883
0 0.646786 0.175127 0.006429 0.010152
0 0.630714 0.183376 0.007143 0.011421
0 0.605357 0.244289 0.019286 0.013959
0 0.511429 0.203046 0.007143 0.010152
0 0.521429 0.196701 0.011429 0.010152
0 0.540000 0.180838 0.008571 0.008883
0 0.532143 0.190990 0.010000 0.011421
0 0.548214 0.182741 0.010714 0.010152
0 0.551071 0.175127 0.009286 0.010152
0 0.563571 0.175761 0.010000 0.011421
0 0.574286 0.171954 0.008571 0.008883
0 0.581071 0.168147 0.007857 0.008883
0 0.587857 0.164340 0.007143 0.008883
0 0.559286 0.196701 0.008571 0.010152
0 0.568214 0.230964 0.007857 0.012690
0 0.546429 0.227792 0.008571 0.013959
0 0.570357 0.204315 0.009286 0.012690
0 0.589286 0.197970 0.008571 0.015228
0 0.536071 0.902284 0.017857 0.063452
0 0.503929 0.740482 0.016429 0.049492
0 0.557143 0.691624 0.014286 0.045685
0 0.578571 0.662437 0.014286 0.043147
0 0.456786 0.444797 0.010714 0.021574
0 0.489643 0.534264 0.012143 0.040609
0 0.534286 0.490482 0.011429 0.036802
0 0.550357 0.451142 0.010714 0.026650
0 0.592857 0.481599 0.011429 0.026650
0 0.588929 0.516497 0.013571 0.035533
0 0.656429 0.501904 0.011429 0.026650
0 0.736786 0.603426 0.016429 0.024112
0 0.712143 0.625000 0.014286 0.029188
0 0.689286 0.614848 0.014286 0.031726
0 0.670357 0.607868 0.015000 0.038071
0 0.661786 0.986041 0.042143 0.025381
0 0.668214 0.850888 0.039286 0.054569
0 0.666071 0.814721 0.033571 0.045685
0 0.668214 0.783629 0.030714 0.044416
0 0.667143 0.749365 0.032857 0.052030
0 0.663571 0.718274 0.031429 0.043147
0 0.663571 0.692893 0.032857 0.040609
0 0.915357 0.442259 0.017857 0.024112
0 0.905357 0.421954 0.016429 0.024112
0 0.898214 0.408629 0.015000 0.027919
