0 0.496429 0.985406 0.011429 0.024112
0 0.501071 0.852157 0.015000 0.074873
0 0.478571 0.884518 0.011429 0.055838
0 0.506071 0.660533 0.010714 0.046954
0 0.526071 0.624365 0.010714 0.048223
0 0.530000 0.516497 0.010000 0.045685
0 0.492857 0.496193 0.010000 0.048223
0 0.509643 0.543147 0.010714 0.043147
0 0.532857 0.358503 0.010000 0.039340
0 0.849643 0.443528 0.012143 0.041878
0 0.878571 0.065355 0.010000 0.029188
0 0.913214 0.129442 0.013571 0.027919
0 0.900000 0.119289 0.011429 0.027919
