0 0.261071 0.937183 0.013571 0.029188
0 0.256786 0.982868 0.019286 0.031726
0 0.366429 0.697335 0.014286 0.031726
0 0.320357 0.894036 0.015000 0.036802
0 0.311429 0.828046 0.015714 0.034264
0 0.370714 0.720178 0.017143 0.031726
0 0.426786 0.675127 0.013571 0.030457
0 0.444643 0.630076 0.013571 0.029188
0 0.462857 0.587563 0.011429 0.020305
0 0.478214 0.550761 0.012143 0.025381
0 0.427143 0.592005 0.011429 0.026650
0 0.508571 0.473985 0.012857 0.021574
0 0.485000 0.500635 0.008571 0.021574
0 0.457500 0.479695 0.009286 0.017766
0 0.527143 0.436548 0.008571 0.022843
0 0.551429 0.381980 0.012857 0.022843
0 0.520714 0.318528 0.007143 0.017766
0 0.517143 0.430838 0.012857 0.016497
0 0.568214 0.350254 0.010714 0.017766
0 0.564286 0.330584 0.011429 0.019036
0 0.552857 0.324239 0.010000 0.019036
0 0.574643 0.276650 0.010714 0.015228
0 0.581071 0.299492 0.010714 0.022843
0 0.583929 0.321066 0.010714 0.022843
0 0.600714 0.286802 0.011429 0.017766
0 0.617500 0.188452 0.009286 0.016497
0 0.647143 0.274112 0.012857 0.020305
0 0.657857 0.130076 0.008571 0.016497
0 0.656071 0.189086 0.013571 0.022843
0 0.672143 0.151015 0.008571 0.015228
0 0.721071 0.082487 0.007857 0.017766
