0 0.047500 0.962381 0.075000 0.075238
0 0.221071 0.504762 0.050714 0.097143
0 0.276429 0.200952 0.060000 0.116190
0 0.557143 0.277143 0.045714 0.133333
0 0.799643 0.547143 0.087857 0.052381
0 0.505357 0.765238 0.045000 0.119048
0 0.647143 0.896190 0.100000 0.068571
0 0.968214 0.664286 0.056429 0.128571
0 0.911071 0.647619 0.049286 0.123810
0 0.356786 0.349048 0.050714 0.128571
0 0.252500 0.348095 0.053571 0.122857
0 0.425714 0.040000 0.042857 0.080000
0 0.061071 0.022381 0.079286 0.044762
0 0.045000 0.067619 0.090000 0.062857
0 0.032143 0.187619 0.064286 0.064762
0 0.022143 0.247143 0.044286 0.071429
0 0.566786 0.095714 0.029286 0.094286
