0 0.152857 0.083122 0.037143 0.029188
0 0.199643 0.160533 0.019286 0.046954
0 0.229286 0.196066 0.025714 0.052030
0 0.251071 0.251904 0.025000 0.062183
0 0.161786 0.199873 0.026429 0.049492
0 0.267143 0.329949 0.022857 0.055838
0 0.250714 0.437817 0.030000 0.060914
0 0.293214 0.538071 0.033571 0.068528
0 0.363571 0.807107 0.037143 0.091371
0 0.869643 0.212563 0.027857 0.039340
0 0.838571 0.253173 0.037143 0.049492
0 0.938929 0.075508 0.026429 0.041878
0 0.280000 0.392766 0.025714 0.062183
