0 0.279250 0.690667 0.044500 0.076000
0 0.304500 0.620667 0.033000 0.052000
0 0.316500 0.562000 0.030000 0.042667
0 0.330250 0.509333 0.025500 0.036000
0 0.438750 0.615333 0.050500 0.045333
0 0.374500 0.455000 0.017000 0.027333
0 0.372000 0.365000 0.011000 0.018000
0 0.400250 0.341667 0.016500 0.010000
0 0.536000 0.631667 0.075000 0.043333
0 0.580750 0.702000 0.076500 0.045333
0 0.527500 0.868667 0.059000 0.172000
0 0.578500 0.585667 0.066000 0.043333
0 0.660000 0.614333 0.072000 0.048667
0 0.680750 0.687333 0.080500 0.056000
0 0.564000 0.524000 0.051000 0.041333
0 0.477000 0.491333 0.020000 0.033333
0 0.456000 0.413333 0.012000 0.024000
0 0.464500 0.383000 0.014000 0.016667
0 0.491000 0.406333 0.035000 0.016667
0 0.508250 0.418667 0.027500 0.025333
0 0.507250 0.444000 0.038500 0.022667
0 0.531250 0.458000 0.039500 0.021333
0 0.872250 0.477000 0.040500 0.034000
0 0.777000 0.467333 0.032000 0.021333
0 0.761500 0.456000 0.038000 0.024000
0 0.888750 0.344333 0.021500 0.016667
0 0.832500 0.351000 0.019000 0.011333
0 0.832750 0.345667 0.019500 0.014000
