0 0.556786 0.831218 0.037857 0.076142
0 0.559643 0.623096 0.017857 0.040609
0 0.537857 0.625000 0.017143 0.041878
0 0.519643 0.626904 0.017857 0.043147
0 0.528929 0.583756 0.017857 0.043147
0 0.511786 0.585025 0.019286 0.043147
0 0.521786 0.547589 0.017857 0.036802
0 0.515357 0.518401 0.016429 0.036802
0 0.508929 0.482868 0.015000 0.034264
0 0.405000 0.486675 0.017143 0.034264
0 0.395357 0.432741 0.016429 0.035533
0 0.475357 0.371827 0.013571 0.038071
0 0.456429 0.371193 0.018571 0.046954
0 0.457500 0.324873 0.012143 0.025381
0 0.449643 0.297589 0.015000 0.029188
0 0.434286 0.352157 0.017143 0.036802
0 0.421429 0.310279 0.012857 0.026650
0 0.412143 0.276650 0.012857 0.027919
0 0.365000 0.304569 0.011429 0.022843
0 0.361429 0.291244 0.011429 0.024112
0 0.331071 0.128173 0.010714 0.017766
0 0.377143 0.138959 0.011429 0.021574
0 0.368929 0.115482 0.009286 0.017766
0 0.337857 0.102792 0.008571 0.017766
0 0.342857 0.079949 0.007143 0.015228
0 0.347143 0.039340 0.007143 0.015228
0 0.356786 0.072970 0.007857 0.011421
0 0.366429 0.088832 0.010000 0.017766
0 0.434643 0.699239 0.026429 0.076142
