0 0.037857 0.437817 0.037143 0.098985
0 0.067500 0.595812 0.070714 0.059645
0 0.027857 0.694797 0.055714 0.110406
0 0.051071 0.710025 0.043571 0.097716
0 0.132500 0.506980 0.092143 0.079949
0 0.132857 0.614848 0.035714 0.095178
0 0.167500 0.612310 0.036429 0.100254
0 0.200357 0.596447 0.032143 0.109137
0 0.328571 0.347716 0.060000 0.050761
0 0.324643 0.303934 0.056429 0.052030
0 0.326429 0.265228 0.057143 0.050761
0 0.328571 0.228426 0.048571 0.045685
0 0.325000 0.157995 0.050000 0.046954
0 0.326786 0.123096 0.052143 0.045685
0 0.343214 0.064086 0.022143 0.067259
0 0.272500 0.017132 0.022143 0.034264
