0 0.666429 0.763959 0.044286 0.032995
0 0.891429 0.734772 0.048571 0.035533
0 0.898214 0.536168 0.033571 0.049492
0 0.770000 0.369289 0.021429 0.045685
0 0.751429 0.283629 0.014286 0.034264
0 0.740714 0.251904 0.017143 0.041878
0 0.370000 0.796954 0.032857 0.086294
0 0.479286 0.475888 0.025714 0.073604
0 0.508571 0.343909 0.021429 0.058376
0 0.534286 0.189721 0.020000 0.049492
0 0.552857 0.081218 0.018571 0.043147
0 0.510000 0.108503 0.018571 0.046954
0 0.066429 0.853426 0.054286 0.036802
0 0.566786 0.598985 0.017857 0.048223
0 0.562500 0.549492 0.019286 0.053299
0 0.558571 0.496827 0.020000 0.052030
0 0.552500 0.434010 0.016429 0.050761
0 0.578214 0.229061 0.030714 0.021574
0 0.578571 0.248096 0.034286 0.031726
0 0.578571 0.219543 0.028571 0.025381
0 0.576429 0.202411 0.025714 0.024112
0 0.583571 0.277919 0.027143 0.020305
0 0.585714 0.291244 0.031429 0.019036
