0 0.346816 0.523191 0.025574 0.048237
0 0.176931 0.118275 0.014614 0.012059
0 0.191023 0.109462 0.007307 0.012987
0 0.186587 0.099722 0.010960 0.008349
0 0.199635 0.165584 0.016180 0.015770
0 0.192067 0.180427 0.013570 0.015770
0 0.369781 0.661874 0.031837 0.069573
0 0.457463 0.347403 0.019311 0.038033
0 0.431367 0.349258 0.018267 0.028757
0 0.375261 0.218924 0.022965 0.016698
0 0.350209 0.231447 0.012526 0.026902
0 0.343424 0.217996 0.009395 0.014842
0 0.369520 0.187384 0.008351 0.014842
0 0.373695 0.172078 0.009395 0.017625
0 0.340031 0.087199 0.007829 0.009276
0 0.295407 0.256957 0.012526 0.029685
0 0.280010 0.026902 0.002610 0.005566
