0 0.445720 0.370594 0.022965 0.052876
0 0.477035 0.374304 0.021921 0.043599
0 0.846033 0.802412 0.070981 0.129870
0 0.897704 0.807050 0.079332 0.126160
0 0.612735 0.429499 0.032359 0.046382
0 0.572025 0.458256 0.027140 0.051948
0 0.567850 0.402134 0.019833 0.039889
0 0.598121 0.308442 0.018789 0.045455
0 0.532098 0.320965 0.028706 0.046382
0 0.481211 0.135436 0.012526 0.022263
0 0.494781 0.094620 0.012526 0.014842
0 0.455898 0.147495 0.018267 0.018553
0 0.458507 0.144712 0.024530 0.018553
0 0.455376 0.133581 0.009916 0.020408
0 0.355428 0.289425 0.019833 0.038961
0 0.380219 0.282931 0.018267 0.029685
0 0.580898 0.099722 0.018789 0.017625
0 0.554280 0.087199 0.009395 0.016698
0 0.551409 0.079314 0.009916 0.015770
0 0.495564 0.071892 0.012004 0.012059
0 0.494781 0.057050 0.008351 0.010204
0 0.544885 0.046846 0.006263 0.010204
0 0.537578 0.025046 0.004175 0.011132
