0 0.523571 0.862310 0.012857 0.052030
0 0.444643 0.117386 0.009286 0.026650
0 0.557143 0.295685 0.011429 0.035533
0 0.580000 0.349619 0.012857 0.036802
0 0.573571 0.407995 0.011429 0.031726
0 0.590714 0.498731 0.014286 0.038071
0 0.597857 0.439721 0.012857 0.039340
0 0.627857 0.897843 0.015714 0.046954
0 0.644643 0.777919 0.015000 0.045685
0 0.595357 0.727157 0.016429 0.045685
0 0.637143 0.848350 0.017143 0.049492
0 0.660357 0.770939 0.015000 0.044416
0 0.675357 0.843274 0.019286 0.057107
0 0.647857 0.713198 0.015714 0.043147
0 0.614286 0.615482 0.015714 0.045685
0 0.602857 0.560914 0.014286 0.043147
0 0.622500 0.576142 0.015000 0.045685
0 0.637500 0.664340 0.015000 0.041878
0 0.765357 0.021574 0.009286 0.020305
