0 0.580714 0.646574 0.030000 0.100254
0 0.518571 0.563452 0.022857 0.071066
0 0.600000 0.408629 0.024286 0.073604
0 0.587857 0.175127 0.018571 0.048223
0 0.498929 0.062183 0.015000 0.035533
0 0.836429 0.851523 0.035714 0.086294
0 0.855714 0.532995 0.031429 0.065990
0 0.828214 0.451142 0.027857 0.049492
0 0.737857 0.439086 0.022857 0.048223
0 0.699286 0.296954 0.021429 0.040609
0 0.683929 0.250635 0.020714 0.036802
0 0.676071 0.204949 0.020714 0.039340
0 0.742143 0.197970 0.021429 0.048223
0 0.707143 0.093274 0.015714 0.036802
0 0.720714 0.131980 0.017143 0.038071
0 0.654643 0.145305 0.015000 0.029188
0 0.643571 0.100888 0.015714 0.029188
