0 0.327143 0.218571 0.020000 0.018095
0 0.323214 0.200476 0.023571 0.016190
0 0.360714 0.222857 0.027143 0.019048
0 0.348571 0.235714 0.025714 0.016190
0 0.372857 0.207143 0.025714 0.016190
0 0.386429 0.197143 0.020000 0.017143
0 0.260714 0.236667 0.032857 0.020000
0 0.219643 0.282381 0.026429 0.029524
0 0.159643 0.288095 0.033571 0.018095
0 0.033571 0.440476 0.048571 0.031429
0 0.013571 0.470000 0.027143 0.031429
0 0.274286 0.387619 0.048571 0.036190
0 0.200357 0.402857 0.056429 0.038095
0 0.533571 0.164762 0.010000 0.013333
0 0.412500 0.121905 0.013571 0.009524
0 0.474643 0.110000 0.013571 0.010476
0 0.478214 0.104762 0.013571 0.007619
0 0.451786 0.098095 0.015000 0.009524
0 0.509643 0.078571 0.012143 0.008571
0 0.502500 0.080952 0.012143 0.009524
0 0.409286 0.174762 0.010000 0.016190
0 0.393571 0.219524 0.018571 0.016190
0 0.516071 0.170000 0.009286 0.016190
0 0.983571 0.207143 0.014286 0.012381
0 0.838929 0.197619 0.019286 0.016190
0 0.847143 0.170000 0.018571 0.012381
