0 0.335856 0.674861 0.041232 0.028757
0 0.467119 0.735622 0.037578 0.037106
0 0.469207 0.715213 0.041754 0.031540
0 0.587683 0.647959 0.032359 0.032468
0 0.590814 0.622449 0.039666 0.027829
0 0.597860 0.579777 0.027662 0.027829
0 0.587683 0.575603 0.027140 0.026902
0 0.621608 0.558905 0.030271 0.023191
0 0.621086 0.538033 0.029228 0.022263
0 0.622390 0.529685 0.028706 0.024119
0 0.618476 0.517625 0.029228 0.024119
0 0.605950 0.448980 0.021921 0.016698
0 0.592641 0.440167 0.020355 0.017625
0 0.606994 0.435529 0.016701 0.015770
0 0.597338 0.430427 0.014092 0.011132
0 0.604906 0.428571 0.017745 0.012987
0 0.603340 0.419759 0.024008 0.019481
0 0.562370 0.333488 0.006785 0.012059
0 0.583507 0.388219 0.018789 0.012059
0 0.585334 0.376160 0.016180 0.012059
0 0.602818 0.392393 0.016701 0.012987
0 0.601775 0.386827 0.016701 0.014842
0 0.602557 0.380798 0.013048 0.013915
0 0.599948 0.377087 0.013048 0.013915
0 0.602557 0.374768 0.015136 0.011132
0 0.601775 0.368738 0.017745 0.013915
0 0.589770 0.372449 0.014614 0.012059
0 0.599165 0.347403 0.014614 0.010204
0 0.598643 0.346011 0.013570 0.011132
0 0.586117 0.348330 0.006263 0.012059
0 0.583768 0.345547 0.014092 0.010204
0 0.586639 0.344156 0.015658 0.011132
0 0.636221 0.365028 0.008351 0.013915
0 0.624478 0.320037 0.005741 0.009276
0 0.661013 0.289425 0.004697 0.007421
0 0.663361 0.297310 0.006263 0.008349
0 0.656054 0.302876 0.006263 0.008349
0 0.668058 0.346011 0.008351 0.014842
0 0.669624 0.338590 0.007307 0.011132
0 0.680585 0.344620 0.007307 0.012059
0 0.700157 0.354824 0.007829 0.013915
0 0.686326 0.401206 0.009395 0.015770
0 0.759395 0.408163 0.011482 0.018553
0 0.743476 0.483302 0.016180 0.025974
0 0.803236 0.530612 0.018789 0.024119
0 0.941023 0.563544 0.029228 0.028757
0 0.637526 0.326994 0.004697 0.008349
0 0.758612 0.346475 0.010960 0.012059
0 0.756002 0.343692 0.012004 0.010204
0 0.755219 0.340909 0.012526 0.012059
0 0.752871 0.339981 0.012004 0.008349
0 0.747912 0.335807 0.015658 0.012987
0 0.741910 0.326994 0.010960 0.012059
0 0.739040 0.326067 0.010438 0.010204
0 0.736952 0.325139 0.012526 0.010204
0 0.734603 0.317718 0.010960 0.010204
0 0.726253 0.312152 0.010960 0.010204
0 0.739301 0.312152 0.010960 0.010204
0 0.723121 0.308442 0.012004 0.010204
0 0.719729 0.304267 0.010438 0.007421
0 0.716075 0.301484 0.010438 0.009276
0 0.712422 0.296846 0.009395 0.009276
0 0.710595 0.296382 0.008873 0.008349
0 0.706681 0.291280 0.009395 0.007421
0 0.703549 0.288497 0.009395 0.007421
0 0.700418 0.286178 0.008351 0.006494
0 0.701983 0.285250 0.007307 0.008349
0 0.724948 0.297310 0.009395 0.008349
0 0.721816 0.294527 0.009395 0.008349
0 0.719468 0.291280 0.007829 0.005566
0 0.716858 0.291744 0.008873 0.008349
0 0.716075 0.287570 0.008351 0.009276
