0 0.304019 0.785714 0.043319 0.053803
0 0.376044 0.650278 0.034969 0.040816
0 0.511482 0.609462 0.017745 0.031540
0 0.474948 0.527829 0.025052 0.022263
0 0.479645 0.515306 0.025052 0.021336
0 0.485647 0.507421 0.026618 0.020408
0 0.609081 0.503711 0.019833 0.025974
0 0.613518 0.495826 0.020355 0.023191
0 0.560282 0.441558 0.022443 0.018553
0 0.600992 0.390074 0.015136 0.013915
0 0.610125 0.381725 0.017745 0.013915
0 0.630219 0.362709 0.014092 0.014842
0 0.632307 0.355288 0.013048 0.012987
0 0.638570 0.342764 0.013048 0.010204
0 0.646138 0.330705 0.013570 0.010204
0 0.649791 0.329314 0.012526 0.009276
0 0.681367 0.358534 0.010960 0.012059
0 0.685543 0.353896 0.010960 0.013915
0 0.688152 0.349722 0.010960 0.012987
0 0.687630 0.344156 0.012004 0.012987
0 0.690762 0.342764 0.010960 0.013915
0 0.693894 0.338126 0.010960 0.013915
0 0.674322 0.290816 0.009395 0.008349
0 0.687109 0.278757 0.008873 0.008349
0 0.689457 0.271800 0.007307 0.007421
0 0.759134 0.523655 0.014092 0.023191
0 0.747129 0.282004 0.007829 0.009276
0 0.780010 0.260204 0.003653 0.006494
0 0.771660 0.236549 0.004697 0.007421
0 0.779228 0.233302 0.003132 0.006494
0 0.775313 0.218924 0.002610 0.005566
0 0.779228 0.209647 0.002088 0.003711
0 0.776618 0.203618 0.002088 0.002783
0 0.778184 0.206865 0.003132 0.003711
0 0.950418 0.927180 0.035491 0.065863
0 0.889353 0.652597 0.032359 0.051020
0 0.883090 0.628015 0.024008 0.035250
0 0.884916 0.613173 0.027662 0.037106
0 0.868998 0.560761 0.031315 0.026902
0 0.860647 0.528293 0.024008 0.028757
0 0.850992 0.471243 0.024530 0.022263
0 0.846816 0.451299 0.022443 0.017625
0 0.847338 0.446197 0.022443 0.018553
0 0.844729 0.435993 0.019311 0.016698
0 0.839770 0.405380 0.009395 0.014842
0 0.836378 0.391466 0.015136 0.014842
0 0.833246 0.385900 0.016180 0.011132
0 0.830376 0.363636 0.014614 0.014842
0 0.824635 0.336271 0.011482 0.010204
0 0.816023 0.287106 0.007829 0.008349
0 0.816023 0.277829 0.006785 0.006494
0 0.824374 0.276438 0.004697 0.007421
0 0.812370 0.235622 0.003653 0.005566
0 0.819676 0.227273 0.005741 0.005566
