0 0.005714 0.532995 0.011429 0.035533
0 0.348214 0.520939 0.017857 0.034264
0 0.442143 0.663706 0.017143 0.043147
0 0.476071 0.609772 0.013571 0.039340
0 0.470357 0.089467 0.006429 0.016497
0 0.457143 0.159264 0.010000 0.021574
0 0.431786 0.264594 0.010714 0.021574
0 0.460357 0.123731 0.009286 0.019036
0 0.475000 0.010152 0.005714 0.020305
0 0.498571 0.033629 0.005714 0.013959
0 0.530357 0.021574 0.006429 0.022843
0 0.490714 0.104061 0.007143 0.017766
0 0.500714 0.123096 0.008571 0.020305
0 0.514286 0.302665 0.011429 0.031726
0 0.419643 0.309645 0.010714 0.020305
0 0.520000 0.134518 0.007143 0.020305
0 0.528929 0.094543 0.006429 0.019036
0 0.568571 0.174492 0.010000 0.024112
0 0.465000 0.512690 0.012857 0.035533
0 0.602143 0.367386 0.012857 0.029188
