0 0.612857 0.305838 0.005714 0.007614
0 0.620000 0.305838 0.005714 0.007614
0 0.607143 0.322335 0.007143 0.010152
0 0.735000 0.402919 0.024286 0.039340
0 0.712857 0.408629 0.018571 0.035533
0 0.697143 0.409898 0.017143 0.035533
0 0.726071 0.445431 0.022143 0.032995
0 0.723929 0.458756 0.020714 0.024112
0 0.807857 0.604061 0.045714 0.035533
0 0.713929 0.548223 0.019286 0.038071
0 0.751071 0.636421 0.035000 0.046954
0 0.757143 0.666244 0.040000 0.030457
0 0.767143 0.682741 0.047143 0.043147
0 0.721786 0.601523 0.020714 0.043147
0 0.986071 0.770305 0.027857 0.048223
0 0.247500 0.909264 0.047857 0.067259
0 0.304286 0.719543 0.027143 0.040609
0 0.331429 0.671320 0.031429 0.045685
0 0.365357 0.633883 0.023571 0.031726
0 0.291786 0.774112 0.046429 0.038071
0 0.387500 0.608503 0.022143 0.029188
