0 0.035714 0.289340 0.020000 0.020305
0 0.049643 0.299492 0.012143 0.022843
0 0.027143 0.176396 0.014286 0.022843
0 0.017500 0.239848 0.015000 0.017766
0 0.087500 0.289975 0.016429 0.016497
0 0.136786 0.330584 0.016429 0.019036
0 0.187143 0.366751 0.018571 0.022843
0 0.153571 0.366117 0.018571 0.024112
0 0.140357 0.383249 0.015000 0.030457
0 0.148214 0.392132 0.016429 0.032995
0 0.157143 0.401015 0.020000 0.030457
0 0.174643 0.416878 0.019286 0.034264
0 0.186071 0.423223 0.015000 0.024112
0 0.200357 0.446701 0.022143 0.032995
0 0.209643 0.454949 0.019286 0.031726
0 0.218214 0.464467 0.019286 0.032995
0 0.250714 0.529822 0.025714 0.021574
0 0.263929 0.548223 0.023571 0.020305
0 0.273929 0.567259 0.022143 0.020305
0 0.285357 0.583122 0.026429 0.024112
0 0.300357 0.602157 0.025000 0.024112
0 0.311429 0.620558 0.024286 0.022843
0 0.328571 0.743655 0.021429 0.040609
0 0.343929 0.723985 0.022143 0.041878
0 0.356429 0.710025 0.021429 0.041878
0 0.241429 0.407995 0.018571 0.021574
0 0.262143 0.368655 0.020000 0.024112
0 0.286786 0.440355 0.022143 0.022843
0 0.283929 0.476523 0.020714 0.026650
0 0.322857 0.465736 0.022857 0.025381
0 0.346071 0.371827 0.022143 0.020305
0 0.423929 0.397208 0.023571 0.022843
0 0.389286 0.409264 0.022857 0.026650
0 0.342143 0.501904 0.022857 0.029188
0 0.381071 0.565990 0.022143 0.025381
0 0.402500 0.628173 0.020714 0.030457
0 0.435000 0.672589 0.022857 0.032995
0 0.378571 0.501904 0.018571 0.024112
0 0.411429 0.482234 0.022857 0.025381
0 0.396071 0.538071 0.017857 0.022843
0 0.478571 0.608503 0.022857 0.029188
0 0.539286 0.470812 0.022857 0.022843
0 0.691071 0.524746 0.023571 0.024112
0 0.702500 0.621193 0.026429 0.034264
0 0.579286 0.739213 0.025714 0.034264
0 0.591071 0.800761 0.016429 0.027919
0 0.611786 0.625635 0.027857 0.035533
0 0.680714 0.977157 0.028571 0.043147
0 0.695357 0.782360 0.030714 0.041878
0 0.886071 0.982234 0.023571 0.032995
0 0.977500 0.979695 0.032143 0.038071
0 0.991429 0.954315 0.017143 0.038071
0 0.804286 0.601523 0.022857 0.032995
0 0.797857 0.765863 0.027143 0.039340
0 0.893929 0.779188 0.023571 0.032995
0 0.848929 0.825508 0.027857 0.041878
0 0.848571 0.727792 0.025714 0.036802
0 0.852143 0.780457 0.027143 0.038071
0 0.582143 0.262056 0.021429 0.019036
0 0.683929 0.271574 0.022143 0.022843
0 0.720357 0.270305 0.023571 0.020305
0 0.758214 0.273477 0.022143 0.019036
0 0.636786 0.267132 0.020714 0.019036
0 0.978214 0.140863 0.019286 0.020305
