0 0.021429 0.852792 0.042857 0.121827
0 0.057500 0.826142 0.043571 0.111675
0 0.092857 0.795051 0.041429 0.100254
0 0.195357 0.983503 0.047857 0.030457
0 0.308929 0.880711 0.065000 0.091371
0 0.236071 0.867386 0.069286 0.087563
0 0.405357 0.694797 0.060714 0.079949
0 0.458214 0.723350 0.059286 0.086294
0 0.512500 0.578046 0.052143 0.077411
0 0.736071 0.428934 0.050714 0.071066
0 0.607857 0.487944 0.050000 0.069797
0 0.600714 0.572335 0.054286 0.073604
0 0.866429 0.531726 0.052857 0.073604
0 0.784286 0.542513 0.100000 0.135787
0 0.826429 0.340102 0.048571 0.063452
0 0.735714 0.354695 0.047143 0.054569
0 0.484286 0.418782 0.054286 0.081218
0 0.432500 0.470812 0.057857 0.060914
