0 0.387500 0.611041 0.025000 0.067259
0 0.549643 0.374365 0.020714 0.060914
0 0.496786 0.336929 0.019286 0.057107
0 0.438571 0.395305 0.024286 0.052030
0 0.556071 0.194162 0.019286 0.048223
0 0.584643 0.045051 0.017857 0.034264
0 0.567143 0.130076 0.021429 0.052030
0 0.521786 0.147208 0.017857 0.045685
0 0.398929 0.217640 0.019286 0.041878
0 0.473571 0.117386 0.020000 0.036802
0 0.376071 0.096447 0.019286 0.032995
0 0.487143 0.022843 0.020000 0.035533
0 0.533214 0.013959 0.017857 0.027919
0 0.327857 0.064086 0.030000 0.026650
