0 0.005714 0.163706 0.011429 0.017766
0 0.080000 0.202411 0.017143 0.021574
0 0.124286 0.225254 0.017143 0.024112
0 0.160714 0.312817 0.017143 0.026650
0 0.305714 0.081853 0.015714 0.021574
0 0.320000 0.039975 0.017143 0.021574
0 0.207500 0.471447 0.025000 0.034264
0 0.265357 0.513325 0.017857 0.024112
0 0.341429 0.554569 0.018571 0.025381
0 0.345357 0.638325 0.019286 0.025381
0 0.326786 0.642766 0.017857 0.026650
0 0.150000 0.432741 0.014286 0.020305
0 0.081071 0.604695 0.016429 0.024112
0 0.122500 0.534264 0.016429 0.025381
0 0.129286 0.521574 0.017143 0.025381
0 0.155714 0.513325 0.017143 0.024112
0 0.166429 0.564086 0.017143 0.026650
0 0.172857 0.549492 0.018571 0.025381
0 0.192500 0.427665 0.015000 0.020305
0 0.308929 0.725888 0.023571 0.048223
0 0.319286 0.775381 0.024286 0.053299
0 0.249643 0.696066 0.015000 0.036802
0 0.380357 0.863579 0.052143 0.115482
0 0.396786 0.862944 0.029286 0.065990
0 0.425357 0.935914 0.035000 0.031726
0 0.418571 0.968274 0.031429 0.030457
0 0.417500 0.991751 0.022143 0.013959
0 0.387143 0.659264 0.018571 0.029188
0 0.406429 0.602792 0.018571 0.022843
0 0.429286 0.657360 0.015714 0.022843
0 0.486071 0.696701 0.017857 0.025381
0 0.517857 0.760787 0.017143 0.026650
0 0.617500 0.848350 0.020714 0.031726
0 0.556786 0.891497 0.020714 0.029188
0 0.697143 0.942259 0.018571 0.029188
0 0.553214 0.920051 0.022143 0.032995
0 0.618929 0.935279 0.019286 0.027919
