0 0.673214 0.867143 0.109286 0.265714
0 0.334286 0.925238 0.110000 0.149524
0 0.647143 0.615238 0.068571 0.135238
0 0.368214 0.702857 0.079286 0.188571
0 0.629286 0.476190 0.060000 0.131429
0 0.611071 0.377619 0.049286 0.103810
0 0.421786 0.381905 0.049286 0.089524
0 0.593214 0.308571 0.039286 0.066667
0 0.585357 0.258095 0.035000 0.051429
0 0.581071 0.213333 0.035000 0.051429
0 0.568929 0.173333 0.026429 0.041905
0 0.436786 0.192381 0.053571 0.059048
0 0.450357 0.155238 0.052143 0.038095
0 0.469286 0.130952 0.022857 0.039048
0 0.626071 0.051905 0.039286 0.023810
0 0.613929 0.064286 0.040714 0.025714
0 0.522857 0.022857 0.021429 0.022857
0 0.508214 0.008571 0.016429 0.017143
0 0.703571 0.070952 0.037143 0.031429
