0 0.517857 0.755711 0.030000 0.077411
0 0.454643 0.209391 0.013571 0.027919
0 0.446429 0.065990 0.007143 0.017766
0 0.527857 0.059645 0.010000 0.027919
0 0.455714 0.012690 0.008571 0.012690
0 0.585357 0.161802 0.020714 0.019036
0 0.585357 0.151015 0.023571 0.017766
0 0.578214 0.129442 0.019286 0.015228
0 0.583571 0.140863 0.027143 0.017766
0 0.576429 0.116751 0.022857 0.022843
0 0.594643 0.461294 0.016429 0.052030
0 0.421429 0.416244 0.014286 0.053299
0 0.530357 0.130711 0.010714 0.025381
