0 0.489286 0.962857 0.075714 0.074286
0 0.150357 0.566667 0.036429 0.076190
0 0.352500 0.585714 0.050714 0.083810
0 0.790000 0.855714 0.057143 0.088571
0 0.762143 0.827619 0.058571 0.085714
0 0.772857 0.571905 0.070000 0.065714
0 0.685357 0.396190 0.059286 0.057143
0 0.503214 0.290476 0.039286 0.064762
0 0.518929 0.240000 0.046429 0.064762
0 0.427500 0.230952 0.039286 0.063810
0 0.457143 0.115714 0.037143 0.063810
0 0.421429 0.028095 0.035714 0.056190
0 0.252143 0.325714 0.040000 0.072381
0 0.017857 0.028095 0.024286 0.056190
0 0.028929 0.088571 0.032143 0.064762
0 0.041429 0.160000 0.040000 0.081905
0 0.077500 0.324762 0.035000 0.072381
0 0.100357 0.390476 0.035000 0.068571
