0 0.582250 0.669667 0.067500 0.186000
0 0.629500 0.469333 0.085000 0.048000
0 0.751500 0.450000 0.111000 0.061333
0 0.776500 0.388333 0.093000 0.051333
0 0.715750 0.357667 0.083500 0.056667
0 0.962500 0.175667 0.052000 0.042000
0 0.846000 0.164667 0.060000 0.033333
0 0.835500 0.147000 0.045000 0.024667
0 0.574500 0.379667 0.084000 0.048667
0 0.461750 0.356667 0.059500 0.054667
0 0.290250 0.452333 0.046500 0.090000
0 0.309250 0.365333 0.036500 0.065333
0 0.315750 0.289333 0.031500 0.057333
0 0.324000 0.219000 0.029000 0.047333
0 0.620500 0.320333 0.076000 0.048667
0 0.601000 0.237667 0.061000 0.050000
0 0.884500 0.228667 0.065000 0.034667
0 0.676500 0.248333 0.063000 0.030000
0 0.557500 0.147333 0.049000 0.028000
0 0.556000 0.135667 0.025000 0.020667
0 0.526250 0.092000 0.033500 0.033333
0 0.586250 0.064667 0.032500 0.021333
0 0.492500 0.192000 0.030000 0.045333
0 0.509000 0.142000 0.029000 0.034667
0 0.506000 0.075000 0.042000 0.023333
0 0.462000 0.083000 0.016000 0.030000
0 0.469750 0.041000 0.016500 0.020667
0 0.356250 0.015333 0.012500 0.025333
