0 0.405714 0.801396 0.017143 0.034264
0 0.031071 0.520939 0.019286 0.013959
0 0.058214 0.558376 0.010714 0.017766
0 0.056429 0.583756 0.010000 0.020305
0 0.071429 0.578046 0.012857 0.026650
0 0.080357 0.555203 0.012143 0.019036
0 0.084286 0.580584 0.011429 0.024112
0 0.108929 0.557741 0.012143 0.021574
0 0.100714 0.554569 0.012857 0.025381
0 0.091429 0.553299 0.014286 0.022843
0 0.100357 0.515863 0.017857 0.016497
0 0.375000 0.305838 0.008571 0.017766
0 0.378214 0.315990 0.012143 0.015228
0 0.380714 0.321701 0.012857 0.013959
0 0.383571 0.326142 0.011429 0.015228
0 0.386071 0.330584 0.013571 0.013959
0 0.387143 0.336929 0.014286 0.016497
0 0.390357 0.341371 0.013571 0.015228
0 0.393214 0.347081 0.012143 0.016497
0 0.395714 0.352157 0.012857 0.016497
0 0.397857 0.359137 0.012857 0.015228
0 0.401429 0.362310 0.014286 0.016497
0 0.407143 0.375000 0.014286 0.013959
0 0.410357 0.379442 0.013571 0.015228
0 0.345714 0.316624 0.012857 0.016497
0 0.232500 0.647208 0.007857 0.022843
0 0.414286 0.466371 0.018571 0.024112
