0 0.352500 0.232381 0.013571 0.040000
0 0.539286 0.015714 0.031429 0.020000
0 0.540000 0.037143 0.028571 0.019048
0 0.540000 0.074286 0.031429 0.020952
0 0.539286 0.116667 0.034286 0.021905
0 0.538571 0.183810 0.031429 0.019048
0 0.539286 0.096190 0.027143 0.019048
0 0.613571 0.013810 0.030000 0.020000
0 0.616429 0.072381 0.030000 0.020952
0 0.618571 0.200000 0.025714 0.019048
0 0.618214 0.179524 0.025000 0.018095
0 0.616786 0.094286 0.025000 0.019048
0 0.616071 0.115238 0.030714 0.020952
0 0.617500 0.137619 0.030714 0.020000
0 0.617500 0.159048 0.029286 0.019048
0 0.616429 0.329524 0.030000 0.019048
0 0.617500 0.367619 0.029286 0.019048
0 0.619286 0.390952 0.030000 0.018095
0 0.620714 0.480000 0.028571 0.015238
0 0.628571 0.914286 0.028571 0.022857
0 0.629643 0.841905 0.030714 0.020952
0 0.500714 0.680476 0.031429 0.016190
0 0.543929 0.368095 0.030714 0.018095
0 0.267143 0.387143 0.012857 0.035238
0 0.871071 0.037619 0.029286 0.020000
0 0.943929 0.036667 0.029286 0.021905
0 0.941429 0.006190 0.028571 0.012381
0 0.925000 0.528571 0.025714 0.030476
0 0.907857 0.648095 0.028571 0.033333
