0 0.396429 0.687817 0.065714 0.050761
0 0.448929 0.610406 0.062143 0.043147
0 0.673929 0.621193 0.063571 0.046954
0 0.606429 0.695431 0.068571 0.053299
0 0.372857 0.350254 0.065714 0.060914
0 0.129286 0.342640 0.062857 0.045685
0 0.079286 0.531091 0.062857 0.044416
0 0.087857 0.598350 0.062857 0.049492
0 0.060000 0.746193 0.061429 0.043147
0 0.516429 0.138325 0.030000 0.081218
0 0.800357 0.755076 0.062143 0.045685
0 0.835714 0.509518 0.065714 0.044416
0 0.919286 0.512056 0.064286 0.049492
0 0.938571 0.650381 0.068571 0.044416
0 0.973214 0.586294 0.053571 0.053299
0 0.984286 0.512056 0.031429 0.049492
0 0.456071 0.032995 0.022143 0.065990
0 0.018571 0.664975 0.037143 0.053299
