0 0.094643 0.045685 0.012143 0.015228
0 0.100357 0.033629 0.010714 0.016497
0 0.112143 0.048223 0.011429 0.015228
0 0.108571 0.060279 0.010000 0.013959
0 0.220714 0.103426 0.011429 0.013959
0 0.276071 0.216371 0.013571 0.016497
0 0.289643 0.250635 0.013571 0.019036
0 0.301429 0.181472 0.012857 0.015228
0 0.257500 0.138325 0.013571 0.020305
0 0.123929 0.985406 0.020714 0.024112
0 0.261786 0.724619 0.017857 0.022843
0 0.308929 0.707487 0.020714 0.026650
0 0.306786 0.683376 0.016429 0.019036
0 0.412857 0.100254 0.012857 0.015228
0 0.339286 0.220812 0.012857 0.020305
0 0.337500 0.279822 0.013571 0.019036
0 0.369643 0.267766 0.015000 0.022843
0 0.387143 0.267132 0.014286 0.024112
0 0.349286 0.263325 0.017143 0.024112
0 0.460000 0.340736 0.015714 0.021574
0 0.487143 0.390863 0.015714 0.020305
0 0.493214 0.414975 0.015000 0.020305
0 0.505000 0.409264 0.014286 0.021574
0 0.325000 0.755076 0.021429 0.030457
0 0.320714 0.729061 0.020000 0.029188
0 0.401429 0.548858 0.017143 0.024112
0 0.429643 0.555203 0.019286 0.021574
0 0.453214 0.536168 0.016429 0.019036
0 0.440357 0.631345 0.019286 0.024112
0 0.335357 0.635787 0.019286 0.022843
0 0.338571 0.659264 0.020000 0.024112
0 0.344286 0.675127 0.020000 0.025381
0 0.366429 0.655457 0.020000 0.024112
0 0.387857 0.635152 0.015714 0.021574
0 0.411071 0.615482 0.017857 0.020305
0 0.437143 0.593274 0.018571 0.021574
0 0.459286 0.572335 0.017143 0.022843
0 0.457143 0.553299 0.020000 0.025381
0 0.494286 0.451777 0.017143 0.020305
0 0.548929 0.506980 0.017857 0.016497
0 0.562857 0.539340 0.017143 0.017766
0 0.554286 0.571066 0.017143 0.020305
0 0.584286 0.547589 0.017143 0.019036
0 0.578214 0.505711 0.017857 0.019036
0 0.582143 0.480330 0.018571 0.021574
0 0.607500 0.492386 0.016429 0.017766
0 0.633214 0.468909 0.017857 0.021574
0 0.662143 0.443528 0.017143 0.024112
0 0.667857 0.458756 0.017143 0.024112
0 0.727143 0.424492 0.015714 0.021574
0 0.708571 0.421954 0.015714 0.021574
0 0.740000 0.390228 0.017143 0.024112
0 0.731786 0.302665 0.015000 0.021574
0 0.948214 0.043147 0.009286 0.020305
0 0.834286 0.015863 0.011429 0.019036
0 0.855357 0.093909 0.009286 0.017766
0 0.852857 0.124365 0.011429 0.020305
0 0.850357 0.250000 0.012143 0.020305
0 0.828214 0.288706 0.015000 0.026650
0 0.756071 0.395939 0.016429 0.020305
