0 0.560357 0.701905 0.026429 0.059048
0 0.654286 0.658571 0.027143 0.052381
0 0.773571 0.440952 0.028571 0.040000
0 0.550357 0.220952 0.013571 0.022857
0 0.493929 0.224286 0.012143 0.025714
0 0.538571 0.179524 0.012857 0.021905
0 0.544286 0.200952 0.014286 0.022857
0 0.494286 0.203333 0.014286 0.023810
0 0.490714 0.185714 0.011429 0.017143
0 0.470714 0.060000 0.010000 0.017143
0 0.537857 0.513333 0.020000 0.045714
0 0.504643 0.286667 0.012143 0.028571
0 0.591429 0.231905 0.028571 0.021905
0 0.513214 0.346667 0.013571 0.036190
0 0.507500 0.314762 0.012143 0.033333
0 0.486429 0.162857 0.012857 0.026667
0 0.483929 0.139524 0.015000 0.027619
0 0.471786 0.036667 0.015000 0.014286
0 0.510357 0.060476 0.009286 0.016190
0 0.489286 0.049524 0.010000 0.015238
