0 0.105000 0.657995 0.071429 0.138325
0 0.164643 0.651650 0.060714 0.135787
0 0.142143 0.317893 0.047143 0.072335
0 0.155000 0.186548 0.038571 0.045685
0 0.210714 0.092005 0.024286 0.034264
0 0.248571 0.066624 0.027143 0.036802
0 0.285000 0.115482 0.028571 0.058376
0 0.796071 0.732868 0.077857 0.059645
0 0.851429 0.800127 0.090000 0.074873
0 0.960714 0.721447 0.078571 0.067259
0 0.505000 0.085660 0.012857 0.024112
0 0.511429 0.062817 0.015714 0.031726
0 0.517143 0.043782 0.012857 0.024112
0 0.585357 0.026015 0.013571 0.039340
0 0.518929 0.020305 0.012143 0.025381
