0 0.551931 0.703154 0.058977 0.053803
0 0.625000 0.468924 0.045407 0.047310
0 0.704071 0.381725 0.050104 0.045455
0 0.578810 0.342764 0.039666 0.045455
0 0.437891 0.510668 0.045929 0.047310
0 0.482516 0.449907 0.048539 0.042672
0 0.280271 0.374304 0.032359 0.069573
0 0.263831 0.471243 0.053758 0.048237
0 0.208768 0.463358 0.048017 0.041744
0 0.206942 0.357143 0.036013 0.066790
0 0.285752 0.111781 0.036013 0.052876
0 0.931889 0.427644 0.056889 0.040816
0 0.209812 0.632653 0.059499 0.050093
0 0.027140 0.427180 0.054280 0.051020
