0 0.281576 0.934601 0.086117 0.078850
0 0.386482 0.567718 0.024530 0.048237
0 0.460856 0.665584 0.025052 0.073284
0 0.384916 0.420686 0.020355 0.051020
0 0.446764 0.431818 0.017745 0.052876
0 0.378392 0.316790 0.016701 0.030612
0 0.459812 0.248609 0.012526 0.022263
0 0.386221 0.223098 0.011482 0.021336
0 0.412578 0.177180 0.008873 0.016698
0 0.424061 0.162801 0.008873 0.015770
0 0.463727 0.199443 0.009916 0.014842
0 0.465814 0.182282 0.008873 0.019481
0 0.498434 0.890074 0.037578 0.127087
0 0.398747 0.129406 0.008351 0.013915
0 0.421973 0.145640 0.007829 0.014842
0 0.427192 0.135900 0.007829 0.015770
0 0.422756 0.129870 0.008351 0.012987
0 0.420407 0.123840 0.007829 0.012059
0 0.421712 0.113636 0.007307 0.012059
0 0.419885 0.104824 0.005741 0.011132
0 0.446503 0.111781 0.006785 0.015770
0 0.442589 0.099258 0.005219 0.014842
0 0.415710 0.078386 0.006785 0.010204
0 0.422234 0.058905 0.008351 0.012059
0 0.413100 0.058905 0.008873 0.010204
0 0.410752 0.053803 0.005219 0.009276
0 0.420929 0.074212 0.005741 0.009276
0 0.421712 0.098330 0.005219 0.012987
0 0.424322 0.096011 0.005219 0.012059
