0 0.175714 0.007143 0.031429 0.014286
0 0.008929 0.325714 0.016429 0.045714
0 0.031429 0.258095 0.017143 0.040000
0 0.196786 0.391429 0.016429 0.038095
0 0.344643 0.008571 0.032143 0.017143
0 0.269643 0.274762 0.016429 0.040952
0 0.550357 0.156190 0.013571 0.038095
0 0.260714 0.378095 0.017143 0.040000
0 0.278571 0.370476 0.015714 0.038095
0 0.308571 0.365238 0.015714 0.040952
0 0.410357 0.242857 0.015000 0.043810
0 0.585000 0.143333 0.017143 0.040952
0 0.376071 0.917143 0.030714 0.030476
0 0.458929 0.815714 0.016429 0.042857
0 0.535357 0.797619 0.015000 0.040952
0 0.589286 0.785238 0.017143 0.042857
0 0.433929 0.708095 0.013571 0.037143
0 0.991071 0.788095 0.017857 0.042857
0 0.951786 0.765714 0.026429 0.041905
0 0.878929 0.719524 0.025000 0.042857
0 0.858929 0.707143 0.023571 0.042857
0 0.813214 0.679524 0.020714 0.035238
0 0.742500 0.660476 0.016429 0.040952
0 0.688929 0.761429 0.016429 0.042857
0 0.671429 0.765238 0.014286 0.039048
0 0.653214 0.770000 0.015000 0.042857
0 0.613929 0.672857 0.015000 0.039048
0 0.576786 0.679048 0.015000 0.043810
0 0.721429 0.060952 0.034286 0.022857
0 0.738571 0.177619 0.012857 0.040952
0 0.688571 0.187619 0.015714 0.040000
0 0.671071 0.190952 0.016429 0.040952
0 0.849643 0.271905 0.015000 0.037143
0 0.720000 0.286667 0.017143 0.045714
0 0.685357 0.294762 0.015000 0.037143
0 0.702857 0.290952 0.015714 0.040952
0 0.656071 0.294286 0.016429 0.043810
0 0.622143 0.305238 0.015714 0.037143
0 0.594286 0.207143 0.014286 0.039048
0 0.626071 0.202857 0.015000 0.043810
0 0.574286 0.209524 0.015714 0.041905
0 0.541429 0.219524 0.015714 0.042857
0 0.524286 0.224286 0.014286 0.040952
0 0.554286 0.320476 0.015714 0.040952
0 0.495357 0.228095 0.016429 0.040952
0 0.461786 0.233333 0.016429 0.049524
0 0.478214 0.230952 0.015000 0.039048
0 0.508214 0.330952 0.013571 0.039048
0 0.491786 0.335238 0.013571 0.034286
0 0.424286 0.348571 0.011429 0.034286
0 0.408214 0.350952 0.012143 0.035238
0 0.474643 0.336190 0.016429 0.041905
0 0.456429 0.341429 0.014286 0.040952
0 0.439286 0.345714 0.014286 0.040000
0 0.616786 0.775714 0.015000 0.039048
