0 0.233929 0.841905 0.113571 0.110476
0 0.290714 0.620000 0.111429 0.099048
0 0.334643 0.526667 0.116429 0.093333
0 0.347857 0.440000 0.092857 0.081905
0 0.728571 0.102381 0.105714 0.082857
0 0.597857 0.133333 0.100000 0.100952
0 0.567500 0.847143 0.070714 0.162857
0 0.476429 0.203333 0.074286 0.075238
0 0.433571 0.025714 0.104286 0.051429
0 0.840714 0.040476 0.087143 0.080952
0 0.966429 0.290000 0.067143 0.065714
0 0.191429 0.960000 0.135714 0.080000
0 0.046071 0.438571 0.092143 0.090476
0 0.354286 0.963810 0.114286 0.072381
