0 0.468571 0.431905 0.034286 0.033333
0 0.479286 0.770476 0.041429 0.057143
0 0.447143 0.708095 0.037143 0.061905
0 0.426786 0.728571 0.033571 0.051429
0 0.631786 0.639048 0.039286 0.049524
0 0.238214 0.760476 0.030714 0.069524
0 0.659643 0.580000 0.040714 0.038095
0 0.862857 0.716667 0.045714 0.050476
0 0.317143 0.520000 0.037143 0.032381
0 0.304286 0.172857 0.010000 0.012381
0 0.179286 0.236190 0.015714 0.013333
0 0.202857 0.277143 0.015714 0.017143
0 0.413929 0.512857 0.046429 0.042857
0 0.456429 0.410952 0.027143 0.029524
0 0.313214 0.489524 0.019286 0.022857
0 0.378214 0.559048 0.039286 0.032381
0 0.700357 0.972381 0.063571 0.047619
0 0.770357 0.787143 0.055000 0.058095
0 0.884286 0.478095 0.032857 0.034286
0 0.969286 0.567143 0.014286 0.018095
0 0.954643 0.571905 0.012143 0.018095
