0 0.442857 0.057619 0.028571 0.079048
0 0.645357 0.098571 0.030714 0.075238
0 0.610000 0.160952 0.035714 0.072381
0 0.648571 0.013333 0.025714 0.026667
0 0.556071 0.100952 0.023571 0.049524
0 0.635000 0.295238 0.034286 0.089524
0 0.623929 0.408571 0.035000 0.093333
0 0.578214 0.386190 0.029286 0.082857
0 0.617500 0.587619 0.037857 0.100952
0 0.613214 0.909048 0.033571 0.105714
0 0.609643 0.760952 0.039286 0.104762
0 0.531071 0.680000 0.035000 0.116190
0 0.511071 0.511905 0.033571 0.094286
0 0.237143 0.963333 0.077143 0.073333
0 0.342857 0.738571 0.045714 0.115238
0 0.262143 0.826190 0.092857 0.054286
0 0.302143 0.575714 0.077143 0.052381
0 0.340000 0.428095 0.055714 0.060000
