0 0.328929 0.893401 0.027857 0.101523
0 0.400000 0.500635 0.027143 0.062183
0 0.424643 0.313452 0.013571 0.043147
0 0.466786 0.309645 0.032143 0.043147
0 0.256071 0.311548 0.042143 0.036802
0 0.707500 0.380711 0.040714 0.030457
0 0.583571 0.371827 0.045714 0.043147
0 0.515357 0.351523 0.035000 0.043147
0 0.451429 0.556472 0.022857 0.062183
0 0.689643 0.269670 0.039286 0.034264
0 0.980000 0.458122 0.040000 0.035533
0 0.912143 0.453046 0.040000 0.043147
0 0.916429 0.309645 0.038571 0.032995
0 0.908214 0.287437 0.036429 0.031726
0 0.866786 0.267132 0.037857 0.029188
0 0.750357 0.246827 0.037857 0.029188
0 0.688214 0.243655 0.036429 0.027919
0 0.753214 0.322335 0.037857 0.030457
0 0.797857 0.296954 0.037143 0.030457
0 0.858929 0.289340 0.037857 0.030457
0 0.812143 0.267766 0.037143 0.027919
0 0.798214 0.243020 0.037857 0.026650
0 0.753571 0.270939 0.037143 0.034264
0 0.703929 0.297589 0.036429 0.034264
0 0.651786 0.326142 0.042143 0.032995
0 0.651071 0.297589 0.040714 0.036802
0 0.635714 0.276015 0.034286 0.029188
0 0.240714 0.950508 0.031429 0.093909
0 0.122143 0.413706 0.042857 0.032995
0 0.126786 0.440355 0.040714 0.040609
0 0.069286 0.409264 0.048571 0.031726
0 0.056786 0.446701 0.045000 0.040609
0 0.012500 0.406726 0.025000 0.044416
0 0.138929 0.030457 0.015000 0.027919
0 0.108214 0.027284 0.017857 0.031726
0 0.087143 0.026650 0.018571 0.025381
0 0.051071 0.029822 0.020714 0.039340
0 0.306071 0.024746 0.023571 0.026650
0 0.273571 0.029822 0.011429 0.029188
0 0.166429 0.037437 0.015714 0.031726
0 0.181071 0.036168 0.013571 0.029188
0 0.519286 0.160533 0.030000 0.031726
0 0.962143 0.284898 0.040000 0.026650
0 0.926071 0.262056 0.039286 0.026650
0 0.971429 0.237944 0.037143 0.026650
0 0.990714 0.256980 0.018571 0.031726
