0 0.119750 0.408333 0.007500 0.010000
0 0.138500 0.418667 0.007000 0.008000
0 0.138500 0.431333 0.009000 0.008000
0 0.187000 0.433667 0.018000 0.008667
0 0.077500 0.495000 0.017000 0.016667
0 0.236750 0.440000 0.012500 0.009333
0 0.433000 0.761333 0.059000 0.066667
0 0.704250 0.641000 0.056500 0.039333
0 0.858500 0.584000 0.041000 0.030667
0 0.991000 0.530333 0.018000 0.020667
0 0.654250 0.579000 0.033500 0.027333
0 0.605500 0.592333 0.043000 0.034000
0 0.628250 0.584333 0.036500 0.024667
0 0.695750 0.567667 0.045500 0.026000
0 0.748500 0.550667 0.045000 0.025333
0 0.103500 0.790667 0.051000 0.081333
0 0.018000 0.608667 0.034000 0.037333
0 0.037000 0.581000 0.029000 0.028667
0 0.188000 0.406000 0.006000 0.005333
0 0.874500 0.519667 0.028000 0.020667
