0 0.051786 0.358503 0.020714 0.024112
0 0.008214 0.188452 0.016429 0.026650
0 0.017143 0.199239 0.025714 0.022843
0 0.030714 0.209391 0.024286 0.025381
0 0.042500 0.215102 0.029286 0.029188
0 0.056786 0.223985 0.029286 0.029188
0 0.138571 0.272843 0.028571 0.030457
0 0.166071 0.287437 0.027857 0.029188
0 0.174286 0.296320 0.027143 0.031726
0 0.186786 0.302665 0.027857 0.031726
0 0.759643 0.484137 0.026429 0.034264
0 0.751071 0.498096 0.035000 0.039340
0 0.741786 0.518401 0.032143 0.029188
0 0.640357 0.456853 0.030714 0.032995
0 0.632500 0.474619 0.027857 0.030457
0 0.621786 0.513325 0.032143 0.034264
0 0.570714 0.777919 0.035714 0.043147
0 0.610714 0.812183 0.035714 0.043147
0 0.657857 0.847081 0.035714 0.041878
