0 0.531071 0.707143 0.092143 0.071429
0 0.862143 0.875238 0.127143 0.104762
0 0.020000 0.564762 0.038571 0.055238
0 0.029643 0.635238 0.059286 0.047619
0 0.046786 0.564286 0.036429 0.037143
0 0.094286 0.560000 0.035714 0.038095
0 0.121429 0.568095 0.034286 0.039048
0 0.155000 0.562857 0.041429 0.043810
0 0.188929 0.570000 0.035000 0.035238
0 0.088929 0.640952 0.067857 0.038095
0 0.210357 0.636190 0.060714 0.043810
0 0.151429 0.750476 0.111429 0.051429
0 0.204286 0.783333 0.108571 0.054286
0 0.353214 0.693333 0.083571 0.043810
0 0.429643 0.679524 0.075000 0.052381
0 0.438214 0.623810 0.043571 0.041905
0 0.462143 0.590952 0.030000 0.042857
0 0.491786 0.576667 0.030714 0.035238
0 0.377143 0.644762 0.072857 0.055238
0 0.545714 0.587619 0.040000 0.043810
0 0.583929 0.587619 0.037857 0.038095
0 0.555357 0.566667 0.033571 0.034286
0 0.521786 0.561905 0.032143 0.032381
0 0.491429 0.551429 0.022857 0.026667
0 0.490357 0.533810 0.026429 0.027619
0 0.510000 0.526667 0.025714 0.026667
0 0.464643 0.540000 0.025000 0.026667
0 0.547857 0.492381 0.024286 0.024762
0 0.494286 0.513333 0.020000 0.020952
0 0.482857 0.499048 0.017143 0.022857
0 0.471786 0.490000 0.019286 0.018095
0 0.459286 0.479048 0.018571 0.017143
0 0.441071 0.486190 0.017857 0.018095
0 0.427143 0.495714 0.018571 0.020000
0 0.451429 0.497143 0.017143 0.019048
0 0.416429 0.485238 0.017143 0.018095
0 0.438929 0.506190 0.015000 0.018095
0 0.449643 0.522381 0.019286 0.025714
0 0.466071 0.506667 0.017857 0.017143
0 0.473571 0.519524 0.020000 0.027619
0 0.415000 0.515714 0.021429 0.025714
0 0.429643 0.532381 0.027857 0.038095
0 0.431429 0.477143 0.018571 0.022857
0 0.674286 0.758095 0.098571 0.080000
0 0.797143 0.939524 0.137143 0.120952
0 0.883214 0.815714 0.110714 0.086667
0 0.619286 0.475714 0.027143 0.014286
0 0.602857 0.470476 0.025714 0.011429
0 0.597857 0.466190 0.024286 0.014286
0 0.506786 0.443333 0.013571 0.014286
0 0.418571 0.426667 0.010000 0.011429
0 0.401071 0.413333 0.009286 0.009524
0 0.405000 0.423810 0.010000 0.011429
0 0.380000 0.397619 0.005714 0.006667
0 0.365000 0.395714 0.005714 0.006667
0 0.368929 0.394286 0.005000 0.007619
0 0.372857 0.391905 0.004286 0.006667
0 0.361429 0.389048 0.004286 0.006667
0 0.367500 0.386190 0.005000 0.006667
0 0.345357 0.406667 0.007857 0.011429
0 0.341429 0.391429 0.005714 0.005714
0 0.323929 0.383810 0.006429 0.007619
0 0.318929 0.372857 0.005000 0.004762
0 0.347143 0.380000 0.004286 0.005714
