0 0.250500 0.612333 0.185000 0.090000
0 0.196750 0.452333 0.084500 0.019333
0 0.243250 0.433667 0.061500 0.039333
0 0.244500 0.406667 0.033000 0.021333
0 0.141250 0.413667 0.064500 0.028667
0 0.211000 0.395000 0.034000 0.022000
0 0.194750 0.397333 0.029500 0.020000
0 0.191500 0.402000 0.026000 0.017333
0 0.229500 0.392000 0.027000 0.018667
0 0.250750 0.379333 0.041500 0.024000
0 0.356250 0.388333 0.038500 0.023333
0 0.302250 0.391333 0.026500 0.024000
0 0.277000 0.393667 0.021000 0.019333
0 0.361500 0.421000 0.045000 0.024667
0 0.428500 0.426667 0.025000 0.034667
0 0.928000 0.581000 0.144000 0.106000
0 0.166500 0.366667 0.030000 0.012000
0 0.185750 0.377333 0.029500 0.014667
0 0.267750 0.375000 0.035500 0.015333
0 0.315500 0.386000 0.017000 0.020000
0 0.331750 0.381000 0.014500 0.018000
