0 0.479384 0.641466 0.057933 0.052876
0 0.558977 0.260204 0.036534 0.028757
0 0.575418 0.165121 0.025574 0.024119
0 0.585073 0.149351 0.025052 0.027829
0 0.585595 0.138219 0.025052 0.025974
0 0.617693 0.065399 0.013048 0.034323
0 0.628132 0.010204 0.008873 0.020408
0 0.661013 0.070965 0.013048 0.028757
0 0.632307 0.166976 0.016180 0.033395
0 0.639614 0.203618 0.017223 0.038033
0 0.594468 0.234694 0.015658 0.042672
0 0.600470 0.334879 0.028706 0.044527
0 0.707985 0.370594 0.037056 0.045455
