0 0.916786 0.562857 0.035000 0.036190
0 0.928214 0.695238 0.056429 0.026667
0 0.589286 0.627143 0.032857 0.027619
0 0.746071 0.698095 0.050714 0.024762
0 0.681786 0.702381 0.045000 0.027619
0 0.617143 0.698095 0.045714 0.022857
0 0.180714 0.697619 0.044286 0.027619
0 0.121071 0.696190 0.047857 0.024762
0 0.057143 0.697619 0.047143 0.025714
0 0.297143 0.627619 0.032857 0.036190
0 0.352143 0.632857 0.038571 0.025714
0 0.014643 0.561429 0.029286 0.021905
0 0.011786 0.689048 0.023571 0.023810
0 0.574643 0.676190 0.042143 0.026667
0 0.463214 0.458095 0.012143 0.030476
0 0.487143 0.517619 0.015714 0.031429
0 0.484643 0.548095 0.012143 0.027619
