0 0.451786 0.663810 0.025000 0.074286
0 0.445714 0.575714 0.024286 0.073333
0 0.436786 0.496667 0.025000 0.071429
0 0.551429 0.633333 0.022857 0.068571
0 0.546071 0.555238 0.025000 0.068571
0 0.547143 0.482857 0.022857 0.068571
0 0.529286 0.272381 0.022857 0.066667
0 0.565357 0.837143 0.027857 0.081905
0 0.559643 0.732857 0.025000 0.077143
0 0.526786 0.185238 0.023571 0.065714
0 0.520000 0.095714 0.021429 0.065714
0 0.152500 0.410952 0.053571 0.031429
0 0.243929 0.346667 0.056429 0.032381
0 0.164286 0.457143 0.051429 0.032381
0 0.249286 0.445714 0.048571 0.032381
0 0.308214 0.374286 0.053571 0.032381
0 0.232857 0.406667 0.057143 0.032381
0 0.056429 0.369048 0.057143 0.033333
