0 0.416429 0.530457 0.018571 0.017766
0 0.170714 0.574873 0.022857 0.015228
0 0.141071 0.607234 0.025000 0.019036
0 0.098929 0.652919 0.022143 0.019036
0 0.032500 0.664975 0.023571 0.022843
0 0.014286 0.631980 0.027143 0.020305
0 0.100714 0.585025 0.024286 0.020305
0 0.146429 0.645939 0.024286 0.020305
0 0.211786 0.595178 0.023571 0.017766
0 0.308929 0.576777 0.020714 0.016497
0 0.335000 0.545051 0.022857 0.019036
0 0.312857 0.817893 0.020000 0.031726
0 0.303929 0.833756 0.019286 0.027919
0 0.410000 0.807107 0.020000 0.027919
0 0.302500 0.857234 0.017857 0.029188
0 0.427143 0.800127 0.018571 0.026650
0 0.457857 0.786168 0.017143 0.026650
0 0.480357 0.789975 0.016429 0.026650
0 0.497857 0.782995 0.017143 0.027919
0 0.608929 0.586294 0.020714 0.017766
0 0.645357 0.555838 0.020714 0.017766
0 0.535000 0.534898 0.020000 0.016497
0 0.523571 0.572335 0.021429 0.017766
0 0.493571 0.602792 0.021429 0.017766
0 0.558571 0.505076 0.024286 0.020305
0 0.548929 0.594543 0.022143 0.019036
0 0.436786 0.614213 0.020714 0.017766
0 0.663929 0.487944 0.020714 0.013959
0 0.675714 0.513959 0.022857 0.017766
0 0.753929 0.562183 0.022143 0.017766
0 0.792500 0.561548 0.020714 0.013959
0 0.828571 0.552665 0.022857 0.016497
0 0.838929 0.453046 0.022143 0.020305
0 0.875000 0.520305 0.022857 0.017766
0 0.904643 0.484137 0.023571 0.016497
0 0.926786 0.435279 0.022143 0.017766
0 0.938571 0.541244 0.024286 0.019036
0 0.948571 0.513325 0.025714 0.016497
0 0.895000 0.544416 0.024286 0.020305
0 0.850714 0.571701 0.022857 0.013959
0 0.882143 0.571066 0.020000 0.012690
0 0.983571 0.540609 0.024286 0.015228
