0 0.282857 0.842857 0.012857 0.032381
0 0.308929 0.840952 0.013571 0.028571
0 0.354286 0.466190 0.028571 0.016190
0 0.574286 0.956190 0.014286 0.040000
0 0.574643 0.825238 0.012143 0.035238
0 0.571786 0.703810 0.012143 0.040000
0 0.702857 0.928571 0.012857 0.040000
0 0.701071 0.875714 0.015000 0.040952
0 0.702143 0.827619 0.014286 0.036190
0 0.702500 0.711905 0.012143 0.035238
0 0.706071 0.665714 0.016429 0.038095
0 0.879643 0.400000 0.025000 0.028571
0 0.716429 0.339048 0.014286 0.036190
0 0.698214 0.340476 0.012143 0.035238
0 0.923929 0.266667 0.032143 0.020952
0 0.967857 0.257619 0.031429 0.020000
0 0.807500 0.230952 0.027857 0.018095
0 0.537500 0.177619 0.025000 0.021905
0 0.559286 0.091905 0.014286 0.037143
0 0.989643 0.147143 0.019286 0.039048
0 0.257143 0.158571 0.034286 0.020000
0 0.493571 0.038095 0.028571 0.022857
0 0.495714 0.014286 0.025714 0.022857
0 0.412143 0.026190 0.030000 0.021905
0 0.582143 0.017143 0.012857 0.034286
0 0.414643 0.007619 0.030714 0.015238
0 0.460714 0.039048 0.014286 0.036190
0 0.497143 0.104286 0.024286 0.020000
