0 0.516786 0.761421 0.040714 0.121827
0 0.677143 0.706853 0.045714 0.126904
0 0.861071 0.935279 0.066429 0.124365
0 0.523571 0.300127 0.021429 0.054569
0 0.560000 0.203046 0.020000 0.043147
0 0.690357 0.232868 0.026429 0.052030
0 0.094643 0.536168 0.037857 0.031726
0 0.124643 0.470178 0.045000 0.041878
0 0.140714 0.451777 0.040000 0.030457
0 0.058571 0.496193 0.051429 0.040609
0 0.291071 0.205584 0.022143 0.032995
0 0.346786 0.059645 0.012143 0.022843
0 0.351071 0.043147 0.013571 0.020305
0 0.356786 0.031091 0.012143 0.016497
