0 0.022857 0.043333 0.045714 0.042857
0 0.015357 0.191429 0.030714 0.043810
0 0.114286 0.042381 0.071429 0.050476
0 0.094643 0.125714 0.073571 0.045714
0 0.104286 0.195714 0.078571 0.048571
0 0.102500 0.240000 0.079286 0.040000
0 0.218929 0.199048 0.075000 0.045714
0 0.261429 0.051905 0.071429 0.044762
0 0.362143 0.199048 0.058571 0.043810
0 0.651786 0.579048 0.036429 0.100952
0 0.663571 0.958571 0.035714 0.080952
0 0.640000 0.449048 0.034286 0.086667
0 0.775714 0.295714 0.065714 0.063810
0 0.852143 0.243810 0.067143 0.043810
0 0.920357 0.057619 0.070714 0.040952
