0 0.069643 0.459391 0.049286 0.032995
0 0.677500 0.515228 0.072143 0.065990
0 0.890000 0.550127 0.072857 0.072335
0 0.507857 0.148477 0.012857 0.022843
0 0.526429 0.154188 0.012857 0.016497
0 0.592500 0.107234 0.009286 0.019036
0 0.591429 0.083756 0.007143 0.020305
0 0.528214 0.083122 0.009286 0.019036
0 0.518571 0.074239 0.007143 0.013959
0 0.532143 0.074873 0.008571 0.012690
0 0.555357 0.076142 0.007857 0.015228
0 0.587500 0.021574 0.006429 0.012690
0 0.588929 0.014594 0.006429 0.016497
0 0.589286 0.009518 0.005714 0.013959
