0 0.060000 0.160952 0.067143 0.049524
0 0.226786 0.018571 0.049286 0.035238
0 0.233929 0.217143 0.073571 0.083810
0 0.300714 0.041429 0.055714 0.061905
0 0.303214 0.218095 0.060714 0.087619
0 0.407500 0.270476 0.056429 0.089524
0 0.476071 0.015238 0.036429 0.030476
0 0.514286 0.027143 0.042857 0.054286
0 0.557500 0.025714 0.040714 0.051429
0 0.475000 0.088095 0.048571 0.065714
0 0.517500 0.097619 0.043571 0.084762
0 0.561429 0.108571 0.050000 0.102857
0 0.821786 0.478571 0.053571 0.140000
0 0.978929 0.782381 0.039286 0.117143
0 0.979643 0.306667 0.037857 0.076190
