0 0.938250 0.487000 0.042500 0.039333
0 0.982750 0.607000 0.034500 0.047333
0 0.827750 0.904000 0.136500 0.102667
0 0.729250 0.649667 0.090500 0.052667
0 0.624500 0.625333 0.081000 0.084000
0 0.665750 0.806333 0.102500 0.079333
0 0.607250 0.954000 0.141500 0.092000
0 0.430500 0.881333 0.092000 0.136000
0 0.566250 0.455667 0.059500 0.034000
0 0.591500 0.332333 0.033000 0.023333
0 0.524750 0.338000 0.045500 0.024000
0 0.527750 0.369667 0.039500 0.036667
0 0.466750 0.299667 0.017500 0.023333
0 0.456000 0.356000 0.017000 0.033333
0 0.487250 0.525667 0.033500 0.064667
0 0.189250 0.899000 0.069500 0.155333
0 0.232000 0.712000 0.057000 0.106667
0 0.268500 0.571333 0.045000 0.072000
0 0.268000 0.245000 0.026000 0.015333
0 0.271000 0.238667 0.027000 0.012000
0 0.308750 0.234000 0.024500 0.012000
0 0.440000 0.217667 0.018000 0.010000
0 0.388500 0.225000 0.023000 0.014000
0 0.285750 0.386000 0.041500 0.045333
0 0.416500 0.424000 0.050000 0.034667
0 0.350500 0.263333 0.012000 0.022667
0 0.423750 0.299667 0.016500 0.030000
