0 0.101750 0.603667 0.095500 0.051333
0 0.446500 0.493333 0.053000 0.048000
0 0.616750 0.593333 0.042500 0.069333
0 0.587750 0.349000 0.017500 0.022000
0 0.564000 0.285000 0.013000 0.015333
0 0.566750 0.265333 0.010500 0.013333
0 0.568750 0.247000 0.009500 0.011333
0 0.586250 0.252667 0.009500 0.012000
0 0.586750 0.239000 0.007500 0.010000
0 0.585000 0.223000 0.007000 0.008667
0 0.594250 0.216000 0.008500 0.008000
0 0.591000 0.192000 0.004000 0.004000
0 0.583750 0.177000 0.002500 0.003333
0 0.420250 0.191667 0.006500 0.004667
0 0.488750 0.183000 0.002500 0.003333
0 0.477250 0.188000 0.002500 0.004000
