0 0.308571 0.805714 0.055714 0.085714
0 0.335714 0.774762 0.057143 0.096190
0 0.407857 0.727143 0.058571 0.086667
0 0.432500 0.695238 0.050714 0.078095
0 0.483929 0.663810 0.047857 0.083810
0 0.516071 0.645714 0.045000 0.080000
0 0.549286 0.634286 0.048571 0.091429
0 0.586429 0.629048 0.051429 0.088571
0 0.672143 0.814286 0.067143 0.064762
0 0.803929 0.645238 0.060714 0.071429
0 0.630000 0.570952 0.060000 0.061905
0 0.611071 0.538571 0.057857 0.063810
0 0.574286 0.497143 0.072857 0.060952
0 0.542857 0.331429 0.050000 0.064762
0 0.340714 0.163810 0.042857 0.051429
0 0.853214 0.290476 0.042143 0.080000
0 0.924286 0.029524 0.054286 0.051429
0 0.939643 0.018095 0.055000 0.036190
